<!DOCTYPE html>
<!--Let go: Animation by Akvil on 04-07-2014 -->
<!-- House is the identity(ego) holding thought(cloud)-->
<html><head data-animation-mode="proMode">

    <meta http-equiv="Content-Type" content="text/html; charset=utf-8">
    <meta name="viewport" content="width=device-width, initial-scale=1.0">
    <style type="text/css">html, body {
  width: 100%;
  height: 100%;
  margin: 0px;
}

.page-container {
  position: relative;
  width: 100%;
  height: 100%;
}

.page-content {
  background-color: transparent;
  -webkit-transform: matrix3d(1, 0, 0, 0, 0, 1, 0, 0, 0, 0, 1, 0, 0, 0, 0, 1);
  -moz-transform: matrix3d(1, 0, 0, 0, 0, 1, 0, 0, 0, 0, 1, 0, 0, 0, 0, 1);
  transform: matrix3d(1, 0, 0, 0, 0, 1, 0, 0, 0, 0, 1, 0, 0, 0, 0, 1);
  -webkit-perspective: 1400px;
  -moz-perspective: 1400px;
  perspective: 1400px;
  -webkit-transform-style: preserve-3d;
  -moz-transform-style: preserve-3d;
  transform-style: preserve-3d;
  position: absolute;
}

.page-wrapper {
  background-color: rgb(255, 255, 255);
  position: absolute;
  -webkit-transform: translateZ(0px);
  -moz-transform: translateZ(0px);
  transform: translateZ(0px);
}

.page-size {
  width: 1024px;
  height: 768px;
}

.canvas-d9ev {
  position: absolute;
  -webkit-transform: matrix3d(1, 0, 0, 0, 0, 1, 0, 0, 0, 0, 1, 0, 0, 0, 0, 1);
  -moz-transform: matrix3d(1, 0, 0, 0, 0, 1, 0, 0, 0, 0, 1, 0, 0, 0, 0, 1);
  transform: matrix3d(1, 0, 0, 0, 0, 1, 0, 0, 0, 0, 1, 0, 0, 0, 0, 1);
  -webkit-transform-style: preserve-3d;
  -moz-transform-style: preserve-3d;
  transform-style: preserve-3d;
  width: 490.3070140481px;
  height: 269.6723319733px;
  left: 562.3867115378px;
  top: 552.1296626556px;
}

.canvas-2zsq {
  position: absolute;
  -webkit-transform: matrix3d(1, 0, 0, 0, 0, 1, 0, 0, 0, 0, 1, 0, 0, 0, 0, 1);
  -moz-transform: matrix3d(1, 0, 0, 0, 0, 1, 0, 0, 0, 0, 1, 0, 0, 0, 0, 1);
  transform: matrix3d(1, 0, 0, 0, 0, 1, 0, 0, 0, 0, 1, 0, 0, 0, 0, 1);
  -webkit-transform-style: preserve-3d;
  -moz-transform-style: preserve-3d;
  transform-style: preserve-3d;
  width: 552.0441203707px;
  height: 261.20799921239995px;
  left: 389.8545218455999px;
  top: 583.6017834371px;
}

.canvas-cdhx {
  position: absolute;
  -webkit-transform: matrix3d(1, 0, 0, 0, 0, 1, 0, 0, 0, 0, 1, 0, 0, 0, 0, 1);
  -moz-transform: matrix3d(1, 0, 0, 0, 0, 1, 0, 0, 0, 0, 1, 0, 0, 0, 0, 1);
  transform: matrix3d(1, 0, 0, 0, 0, 1, 0, 0, 0, 0, 1, 0, 0, 0, 0, 1);
  -webkit-transform-style: preserve-3d;
  -moz-transform-style: preserve-3d;
  transform-style: preserve-3d;
  width: 530.4970703125px;
  height: 294.5034375px;
  left: 102.7514648438px;
  top: 580.24828125px;
}

.canvas-yir2 {
  position: absolute;
  -webkit-transform: matrix3d(1, 0, 0, 0, 0, 1, 0, 0, 0, 0, 1, 0, 0, 0, 0, 1);
  -moz-transform: matrix3d(1, 0, 0, 0, 0, 1, 0, 0, 0, 0, 1, 0, 0, 0, 0, 1);
  transform: matrix3d(1, 0, 0, 0, 0, 1, 0, 0, 0, 0, 1, 0, 0, 0, 0, 1);
  -webkit-transform-style: preserve-3d;
  -moz-transform-style: preserve-3d;
  transform-style: preserve-3d;
  width: 464.2360189197px;
  height: 247.5288000023px;
  left: -148.1180094598px;
  top: 583.7355999989px;
}

.canvas-pvh1 {
  position: absolute;
  -webkit-transform-style: preserve-3d;
  -moz-transform-style: preserve-3d;
  transform-style: preserve-3d;
  left: 0px;
  top: 0px;
  width: 1024px;
  height: 706px;
  -webkit-transform-origin: 512px 353px 0px;
  -moz-transform-origin: 512px 353px 0px;
  transform-origin: 512px 353px 0px;
  -webkit-transform: matrix3d(1, 0, 0, 0, 0, 1, 0, 0, 0, 0, 1, 0, 0, 0, 0, 1);
  -moz-transform: matrix3d(1, 0, 0, 0, 0, 1, 0, 0, 0, 0, 1, 0, 0, 0, 0, 1);
  transform: matrix3d(1, 0, 0, 0, 0, 1, 0, 0, 0, 0, 1, 0, 0, 0, 0, 1);
}

.sunv {
  position: absolute;
  width: 128.1600000082px;
  height: 128.1600000082px;
  -webkit-transform-style: preserve-3d;
  -moz-transform-style: preserve-3d;
  transform-style: preserve-3d;
  left: 24.2888959597px;
  top: 75.5114239887px;
}

.canvas-14h2 {
  position: absolute;
  width: 91px;
  height: 167.5px;
  left: 636px;
  top: 408.75px;
  -webkit-transform: matrix3d(1, 0, 0, 0, 0, 1, 0, 0, 0, 0, 1, 0, 0, 0, 0, 1);
  -moz-transform: matrix3d(1, 0, 0, 0, 0, 1, 0, 0, 0, 0, 1, 0, 0, 0, 0, 1);
  transform: matrix3d(1, 0, 0, 0, 0, 1, 0, 0, 0, 0, 1, 0, 0, 0, 0, 1);
  -webkit-transform-style: preserve-3d;
  -moz-transform-style: preserve-3d;
  transform-style: preserve-3d;
  opacity: 1;
}

.canvas-yquz {
  position: absolute;
  -webkit-transform: matrix3d(1, 0, 0, 0, 0, 1, 0, 0, 0, 0, 1, 0, 0, 0, 0, 1);
  -moz-transform: matrix3d(1, 0, 0, 0, 0, 1, 0, 0, 0, 0, 1, 0, 0, 0, 0, 1);
  transform: matrix3d(1, 0, 0, 0, 0, 1, 0, 0, 0, 0, 1, 0, 0, 0, 0, 1);
  -webkit-transform-style: preserve-3d;
  -moz-transform-style: preserve-3d;
  transform-style: preserve-3d;
  width: 78.2109375px;
  height: 86.375px;
  left: 714.89453125px;
  top: 481.3125px;
}

.canvas-2kfp {
  position: absolute;
  -webkit-transform: matrix3d(1, 0, 0, 0, 0, 1, 0, 0, 0, 0, 1, 0, 0, 0, 0, 1);
  -moz-transform: matrix3d(1, 0, 0, 0, 0, 1, 0, 0, 0, 0, 1, 0, 0, 0, 0, 1);
  transform: matrix3d(1, 0, 0, 0, 0, 1, 0, 0, 0, 0, 1, 0, 0, 0, 0, 1);
  -webkit-transform-style: preserve-3d;
  -moz-transform-style: preserve-3d;
  transform-style: preserve-3d;
  width: 30.5px;
  height: 34.23828125px;
  left: 738.75px;
  top: 500.275390625px;
}

.canvas-e9kx {
  position: absolute;
  -webkit-transform: matrix3d(1, 0, 0, 0, 0, 1, 0, 0, 0, 0, 1, 0, 0, 0, 0, 1);
  -moz-transform: matrix3d(1, 0, 0, 0, 0, 1, 0, 0, 0, 0, 1, 0, 0, 0, 0, 1);
  transform: matrix3d(1, 0, 0, 0, 0, 1, 0, 0, 0, 0, 1, 0, 0, 0, 0, 1);
  -webkit-transform-style: preserve-3d;
  -moz-transform-style: preserve-3d;
  transform-style: preserve-3d;
  width: 4.2805px;
  height: 30.0303999997px;
  left: 752.85975px;
  top: 503.9848000002px;
}

.canvas-f8d4 {
  position: absolute;
  -webkit-transform: matrix3d(1, 0, 0, 0, 0, 1, 0, 0, 0, 0, 1, 0, 0, 0, 0, 1);
  -moz-transform: matrix3d(1, 0, 0, 0, 0, 1, 0, 0, 0, 0, 1, 0, 0, 0, 0, 1);
  transform: matrix3d(1, 0, 0, 0, 0, 1, 0, 0, 0, 0, 1, 0, 0, 0, 0, 1);
  -webkit-transform-style: preserve-3d;
  -moz-transform-style: preserve-3d;
  transform-style: preserve-3d;
  width: 26.4015999997px;
  height: 4.6288px;
  left: 739.7992000001px;
  top: 515.1856px;
}

.canvas-im4k {
  position: absolute;
  -webkit-transform: matrix3d(1, 0, 0, 0, 0, 1, 0, 0, 0, 0, 1, 0, 0, 0, 0, 1);
  -moz-transform: matrix3d(1, 0, 0, 0, 0, 1, 0, 0, 0, 0, 1, 0, 0, 0, 0, 1);
  transform: matrix3d(1, 0, 0, 0, 0, 1, 0, 0, 0, 0, 1, 0, 0, 0, 0, 1);
  -webkit-transform-style: preserve-3d;
  -moz-transform-style: preserve-3d;
  transform-style: preserve-3d;
  width: 109.6327999905px;
  height: 105.7894194262px;
  left: 620.1836000048px;
  top: 388.1052902869px;
}

.canvas-v3l3 {
  position: absolute;
  -webkit-transform: matrix3d(1, 0, 0, 0, 0, 1, 0, 0, 0, 0, 1, 0, 0, 0, 0, 1);
  -moz-transform: matrix3d(1, 0, 0, 0, 0, 1, 0, 0, 0, 0, 1, 0, 0, 0, 0, 1);
  transform: matrix3d(1, 0, 0, 0, 0, 1, 0, 0, 0, 0, 1, 0, 0, 0, 0, 1);
  -webkit-transform-style: preserve-3d;
  -moz-transform-style: preserve-3d;
  transform-style: preserve-3d;
  width: 134.54px;
  height: 108.16px;
  left: 676.73px;
  top: 389.92px;
}

.door {
  position: absolute;
  -webkit-transform-origin: 11.1823999911px 53.3967999942px 0px;
  -moz-transform-origin: 11.1823999911px 53.3967999942px 0px;
  transform-origin: 11.1823999911px 53.3967999942px 0px;
  -webkit-transform: matrix3d(1, 0, 0, 0, 0, 1, 0, 0, 0, 0, 1, 0, 0, 0, 0, 1);
  -moz-transform: matrix3d(1, 0, 0, 0, 0, 1, 0, 0, 0, 0, 1, 0, 0, 0, 0, 1);
  transform: matrix3d(1, 0, 0, 0, 0, 1, 0, 0, 0, 0, 1, 0, 0, 0, 0, 1);
  -webkit-transform-style: preserve-3d;
  -moz-transform-style: preserve-3d;
  transform-style: preserve-3d;
  width: 40.1943999907px;
  height: 92.1112093898px;
  left: 664.4371597952165px;
  top: 482.5137864751244px;
}

.door:hover {
  -webkit-transform-origin: 11.1823999911px 53.3967999942px 0px;
  -moz-transform-origin: 11.1823999911px 53.3967999942px 0px;
  transform-origin: 11.1823999911px 53.3967999942px 0px;
  -webkit-transform: matrix3d(0.3386431832, 0, 0.940914871, 0, 0, 1, 0, 0, -0.940914871, 0, 0.3386431832, 0, 0, 0, 0, 1);
  -moz-transform: matrix3d(0.3386431832, 0, 0.940914871, 0, 0, 1, 0, 0, -0.940914871, 0, 0.3386431832, 0, 0, 0, 0, 1);
  transform: matrix3d(0.3386431832, 0, 0.940914871, 0, 0, 1, 0, 0, -0.940914871, 0, 0.3386431832, 0, 0, 0, 0, 1);
  -webkit-transform-style: preserve-3d;
  -moz-transform-style: preserve-3d;
  transform-style: preserve-3d;
}

.canvas-q03u {
  position: absolute;
  -webkit-transform: matrix3d(1, 0, 0, 0, 0, 1, 0, 0, 0, 0, 1, 0, 0, 0, 0, 1);
  -moz-transform: matrix3d(1, 0, 0, 0, 0, 1, 0, 0, 0, 0, 1, 0, 0, 0, 0, 1);
  transform: matrix3d(1, 0, 0, 0, 0, 1, 0, 0, 0, 0, 1, 0, 0, 0, 0, 1);
  -webkit-transform-style: preserve-3d;
  -moz-transform-style: preserve-3d;
  transform-style: preserve-3d;
  width: 28.4751999997px;
  height: 85.7767999938px;
  left: 673.3443999957px;
  top: 486.1116000031px;
}

.canvas-sqoy {
  position: absolute;
  -webkit-transform-style: preserve-3d;
  -moz-transform-style: preserve-3d;
  transform-style: preserve-3d;
  width: 240.24099273489998px;
  height: 124.34343083880002px;
  -webkit-transform-origin: 120px 62px 0px;
  -moz-transform-origin: 120px 62px 0px;
  transform-origin: 120px 62px 0px;
  -webkit-transform: matrix3d(1, 0, 0, 0, 0, 1, 0, 0, 0, 0, 1, 0, 0, 0, 0, 1);
  -moz-transform: matrix3d(1, 0, 0, 0, 0, 1, 0, 0, 0, 0, 1, 0, 0, 0, 0, 1);
  transform: matrix3d(1, 0, 0, 0, 0, 1, 0, 0, 0, 0, 1, 0, 0, 0, 0, 1);
  left: 1023.5030205856461px;
  top: 36.21912768196009px;
}

.canvas-eht9 {
  color: rgb(0, 0, 0);
  left: 1062.8501980527px;
  top: 168.328125px;
  width: 190.4035166307px;
  height: 87.39187800410001px;
  -webkit-transform: matrix3d(-1, 0, 0, 0, 0, 1, 0, 0, 0, 0, -1, 0, -51.9625832413, 0, 0, 1);
  -moz-transform: matrix3d(-1, 0, 0, 0, 0, 1, 0, 0, 0, 0, -1, 0, -51.9625832413, 0, 0, 1);
  transform: matrix3d(-1, 0, 0, 0, 0, 1, 0, 0, 0, 0, -1, 0, -51.9625832413, 0, 0, 1);
  -webkit-transform-style: preserve-3d;
  -moz-transform-style: preserve-3d;
  transform-style: preserve-3d;
}

.canvas-toel {
  -webkit-transform: matrix3d(1, 0, 0, 0, 0, 1, 0, 0, 0, 0, 1, 0, 0, 0, 0, 1);
  -moz-transform: matrix3d(1, 0, 0, 0, 0, 1, 0, 0, 0, 0, 1, 0, 0, 0, 0, 1);
  transform: matrix3d(1, 0, 0, 0, 0, 1, 0, 0, 0, 0, 1, 0, 0, 0, 0, 1);
  -webkit-transform-style: preserve-3d;
  -moz-transform-style: preserve-3d;
  transform-style: preserve-3d;
  width: 250.9421392501px;
  height: 125.33375px;
  left: 1036.0511907759px;
  top: 42.333125px;
}

.canvas-arv7 {
  left: 1062.8501980527px;
  top: 168.328125px;
  width: 225.6114374228px;
  height: 101.3918780041px;
  -webkit-transform: matrix3d(-1, 0, 0, 0, 0, 1, 0, 0, 0, 0, -1, 0, -33.5, 129, 0, 1);
  -moz-transform: matrix3d(-1, 0, 0, 0, 0, 1, 0, 0, 0, 0, -1, 0, -33.5, 129, 0, 1);
  transform: matrix3d(-1, 0, 0, 0, 0, 1, 0, 0, 0, 0, -1, 0, -33.5, 129, 0, 1);
  -webkit-transform-style: preserve-3d;
  -moz-transform-style: preserve-3d;
  transform-style: preserve-3d;
}

.canvas-ugj7 {
  opacity: 0.6;
  -webkit-transform-style: preserve-3d;
  -moz-transform-style: preserve-3d;
  transform-style: preserve-3d;
  top: 137.108125px;
  left: 1069.0640447998px;
  width: 246.77947342560003px;
  height: 112.78375px;
  -webkit-transform: matrix3d(-1, 0, 0, 0, 0, 1, 0, 0, 0, 0, -1, 0, -18.1666666667, 146.5, 0, 1);
  -moz-transform: matrix3d(-1, 0, 0, 0, 0, 1, 0, 0, 0, 0, -1, 0, -18.1666666667, 146.5, 0, 1);
  transform: matrix3d(-1, 0, 0, 0, 0, 1, 0, 0, 0, 0, -1, 0, -18.1666666667, 146.5, 0, 1);
}

.canvas-ck62 {
  opacity: 0.6;
  -webkit-transform-style: preserve-3d;
  -moz-transform-style: preserve-3d;
  transform-style: preserve-3d;
  top: 168.328125px;
  left: 1062.8501980527px;
  width: 225.6114374228px;
  height: 101.3918780041px;
  -webkit-transform: matrix3d(-1, 0, 0, 0, 0, 1, 0, 0, 0, 0, -1, 0, -30.5, 257, 0, 1);
  -moz-transform: matrix3d(-1, 0, 0, 0, 0, 1, 0, 0, 0, 0, -1, 0, -30.5, 257, 0, 1);
  transform: matrix3d(-1, 0, 0, 0, 0, 1, 0, 0, 0, 0, -1, 0, -30.5, 257, 0, 1);
}

.canvas-38l2 {
  -webkit-transform-origin: 76.015936255px 45.136px 0px;
  -moz-transform-origin: 76.015936255px 45.136px 0px;
  transform-origin: 76.015936255px 45.136px 0px;
  -webkit-transform-style: preserve-3d;
  -moz-transform-style: preserve-3d;
  transform-style: preserve-3d;
  opacity: 0.6;
  top: 178.67912615535124px;
  left: -190.27619807626462px;
  width: 171.43950890320002px;
  height: 89.4310186685px;
  -webkit-transform: matrix3d(1, 0, 0, 0, 0, 1, 0, 0, 0, 0, 1, 0, 0, 0, 0, 1);
  -moz-transform: matrix3d(1, 0, 0, 0, 0, 1, 0, 0, 0, 0, 1, 0, 0, 0, 0, 1);
  transform: matrix3d(1, 0, 0, 0, 0, 1, 0, 0, 0, 0, 1, 0, 0, 0, 0, 1);
}

.attachment {
  position: absolute;
  opacity: 0.8;
  top: 336.3161872973px;
  left: 134.724959326px;
  width: 276.5500813480999px;
  height: 167.3676254054px;
  -webkit-transform: matrix3d(0.9896648242, -0.1390883205, 0.0348994967, 0, 0.1433172332, 0.9676184936, -0.2077850366, 0, -0.0048689267, 0.210639241, 0.9775517396, 0, 197, -148, 63, 1);
  -moz-transform: matrix3d(0.9896648242, -0.1390883205, 0.0348994967, 0, 0.1433172332, 0.9676184936, -0.2077850366, 0, -0.0048689267, 0.210639241, 0.9775517396, 0, 197, -148, 63, 1);
  transform: matrix3d(0.9896648242, -0.1390883205, 0.0348994967, 0, 0.1433172332, 0.9676184936, -0.2077850366, 0, -0.0048689267, 0.210639241, 0.9775517396, 0, 197, -148, 63, 1);
  -webkit-transform-style: preserve-3d;
  -moz-transform-style: preserve-3d;
  transform-style: preserve-3d;
}

.canvas-gix2 {
  position: absolute;
  left: 764.8448705042869px;
  top: 530.7176267909108px;
  width: 43.4728896239px;
  height: 34.1343311551px;
  -webkit-transform-origin: 21.6099537037px 17.8279320988px 0px;
  -moz-transform-origin: 21.6099537037px 17.8279320988px 0px;
  transform-origin: 21.6099537037px 17.8279320988px 0px;
  -webkit-transform: matrix3d(0.9877171739, 0.1562523103, 0, 0, -0.1562523103, 0.9877171739, 0, 0, 0, 0, 1, 0, 1.9290123457, -1.4467592593, 0, 1);
  -moz-transform: matrix3d(0.9877171739, 0.1562523103, 0, 0, -0.1562523103, 0.9877171739, 0, 0, 0, 0, 1, 0, 1.9290123457, -1.4467592593, 0, 1);
  transform: matrix3d(0.9877171739, 0.1562523103, 0, 0, -0.1562523103, 0.9877171739, 0, 0, 0, 0, 1, 0, 1.9290123457, -1.4467592593, 0, 1);
  -webkit-transform-style: preserve-3d;
  -moz-transform-style: preserve-3d;
  transform-style: preserve-3d;
}

.canvas-55wf {
  left: 764.8448705042869px;
  top: 530.7176267909108px;
  width: 47.0319017036px;
  height: 36.5750585753px;
  -webkit-transform: matrix3d(0.9965758587, -0.08268348, 0, 0, 0.08268348, 0.9965758587, 0, 0, 0, 0, 1, 0, 35.9707744181, -3.8357295163, 0, 1);
  -moz-transform: matrix3d(0.9965758587, -0.08268348, 0, 0, 0.08268348, 0.9965758587, 0, 0, 0, 0, 1, 0, 35.9707744181, -3.8357295163, 0, 1);
  transform: matrix3d(0.9965758587, -0.08268348, 0, 0, 0.08268348, 0.9965758587, 0, 0, 0, 0, 1, 0, 35.9707744181, -3.8357295163, 0, 1);
  -webkit-transform-style: preserve-3d;
  -moz-transform-style: preserve-3d;
  transform-style: preserve-3d;
}

.canvas-1vb5 {
  width: 47.03125px;
  -webkit-transform: matrix3d(0.9965758587, -0.08268348, 0, 0, 0.08268348, 0.9965758587, 0, 0, 0, 0, 1, 0, -135.2290712609, 15.9366470269, 0, 1);
  -moz-transform: matrix3d(0.9965758587, -0.08268348, 0, 0, 0.08268348, 0.9965758587, 0, 0, 0, 0, 1, 0, -135.2290712609, 15.9366470269, 0, 1);
  transform: matrix3d(0.9965758587, -0.08268348, 0, 0, 0.08268348, 0.9965758587, 0, 0, 0, 0, 1, 0, -135.2290712609, 15.9366470269, 0, 1);
  -webkit-transform-style: preserve-3d;
  -moz-transform-style: preserve-3d;
  transform-style: preserve-3d;
}

.canvas-cbdz {
  width: 45.181940139px;
  height: 30.863639652000003px;
  -webkit-transform: matrix3d(0.9978518027, 0.0655116768, 0, 0, -0.0655116768, 0.9978518027, 0, 0, 0, 0, 1, 0, -171.15031696, 25.9329619427, 0, 1);
  -moz-transform: matrix3d(0.9978518027, 0.0655116768, 0, 0, -0.0655116768, 0.9978518027, 0, 0, 0, 0, 1, 0, -171.15031696, 25.9329619427, 0, 1);
  transform: matrix3d(0.9978518027, 0.0655116768, 0, 0, -0.0655116768, 0.9978518027, 0, 0, 0, 0, 1, 0, -171.15031696, 25.9329619427, 0, 1);
  -webkit-transform-style: preserve-3d;
  -moz-transform-style: preserve-3d;
  transform-style: preserve-3d;
  left: 765.8448705042869px;
  top: 528.7176267909108px;
}

.canvas-443f {
  position: absolute;
  -webkit-transform-style: preserve-3d;
  -moz-transform-style: preserve-3d;
  transform-style: preserve-3d;
  top: 206.0334472656px;
  left: 471.7496313476px;
  width: 190.5007373047px;
  height: 369.9331054688px;
  -webkit-transform: matrix3d(0.9896648242, -0.1390883205, 0.0348994967, 0, 0.1433172331, 0.9676184936, -0.2077850366, 0, -0.0048689267, 0.210639241, 0.9775517396, 0, -24, 18, 35, 1);
  -moz-transform: matrix3d(0.9896648242, -0.1390883205, 0.0348994967, 0, 0.1433172331, 0.9676184936, -0.2077850366, 0, -0.0048689267, 0.210639241, 0.9775517396, 0, -24, 18, 35, 1);
  transform: matrix3d(0.9896648242, -0.1390883205, 0.0348994967, 0, 0.1433172331, 0.9676184936, -0.2077850366, 0, -0.0048689267, 0.210639241, 0.9775517396, 0, -24, 18, 35, 1);
}

.canvas-8oax {
  left: 766.8448705042869px;
  top: 527.7176267909108px;
}

.canvas-esba {
  left: 764.8448705042869px;
  top: 530.7176267909108px;
}

.canvas-xuei {
  opacity: 0.6;
  -webkit-transform-origin: 120px 62.992px 0px;
  -moz-transform-origin: 120px 62.992px 0px;
  transform-origin: 120px 62.992px 0px;
  top: 17.18461931544511px;
  left: -257.1077543472411px;
  width: 250.94213925009996px;
  height: 125.33375000000002px;
  -webkit-transform: matrix3d(1, 0, 0, 0, 0, 1, 0, 0, 0, 0, 1, 0, 0, 0, 0, 1);
  -moz-transform: matrix3d(1, 0, 0, 0, 0, 1, 0, 0, 0, 0, 1, 0, 0, 0, 0, 1);
  transform: matrix3d(1, 0, 0, 0, 0, 1, 0, 0, 0, 0, 1, 0, 0, 0, 0, 1);
}

.canvas-d7gf {
  position: absolute;
  -webkit-transform: matrix3d(1, 0, 0, 0, 0, 1, 0, 0, 0, 0, 1, 0, 0, 0, 0, 1);
  -moz-transform: matrix3d(1, 0, 0, 0, 0, 1, 0, 0, 0, 0, 1, 0, 0, 0, 0, 1);
  transform: matrix3d(1, 0, 0, 0, 0, 1, 0, 0, 0, 0, 1, 0, 0, 0, 0, 1);
  -webkit-transform-style: preserve-3d;
  -moz-transform-style: preserve-3d;
  transform-style: preserve-3d;
  width: 20.625px;
  height: 31.999999999999996px;
  left: 730.1875px;
  top: 397.1026611328px;
}

.gen-n3hs .gen-222manimation {
  -webkit-animation: gen-222manimation_keyframes 10.2s linear 0s infinite forwards;
  -moz-animation: gen-222manimation_keyframes 10.2s linear 0s infinite forwards;
  animation: gen-222manimation_keyframes 10.2s linear 0s infinite forwards;
}

.gen-n3hs .gen-drrkanimation {
  -webkit-animation: gen-drrkanimation_keyframes 10.2s linear 0.6s infinite forwards;
  -moz-animation: gen-drrkanimation_keyframes 10.2s linear 0.6s infinite forwards;
  animation: gen-drrkanimation_keyframes 10.2s linear 0.6s infinite forwards;
}

.gen-n3hs .gen-h31zanimation {
  -webkit-animation: gen-h31zanimation_keyframes 10.1s linear 1.8s infinite forwards;
  -moz-animation: gen-h31zanimation_keyframes 10.1s linear 1.8s infinite forwards;
  animation: gen-h31zanimation_keyframes 10.1s linear 1.8s infinite forwards;
}

.gen-n3hs .gen-5bl4animation {
  -webkit-animation: gen-5bl4animation_keyframes 10.1s linear 1.2s infinite forwards;
  -moz-animation: gen-5bl4animation_keyframes 10.1s linear 1.2s infinite forwards;
  animation: gen-5bl4animation_keyframes 10.1s linear 1.2s infinite forwards;
}

.attachment:hover {
  opacity: 0;
}

@-webkit-keyframes gen-222manimation_keyframes {
  0% { top: 12.513209228515628px; left: 1047.640832210163px; width: 250.9421392501px; height: 125.33375px; -webkit-transform: matrix3d(1, 0, 0, 0, 0, 1, 0, 0, 0, 0, 1, 0, 0, 0, 0, 1); -webkit-animation-timing-function: ease-in-out; }
  49.0196% { top: 17.18461931544511px; left: -257.1077543472411px; width: 250.94213925009996px; height: 125.33375000000001px; -webkit-transform: matrix3d(1, 0, 0, 0, 0, 1, 0, 0, 0, 0, 1, 0, 0, 0, 0, 1); -webkit-animation-timing-function: ease-in-out; }
  100% { top: 12.513209228515628px; left: 1047.640832210163px; width: 250.9421392501px; height: 125.33375px; -webkit-transform: matrix3d(1, 0, 0, 0, 0, 1, 0, 0, 0, 0, 1, 0, 0, 0, 0, 1); -webkit-animation-timing-function: linear; }
}
@-moz-keyframes gen-222manimation_keyframes {
  0% { top: 12.513209228515628px; left: 1047.640832210163px; width: 250.9421392501px; height: 125.33375px; -moz-transform: matrix3d(1, 0, 0, 0, 0, 1, 0, 0, 0, 0, 1, 0, 0, 0, 0, 1); -moz-animation-timing-function: ease-in-out; }
  49.0196% { top: 17.18461931544511px; left: -257.1077543472411px; width: 250.94213925009996px; height: 125.33375000000001px; -moz-transform: matrix3d(1, 0, 0, 0, 0, 1, 0, 0, 0, 0, 1, 0, 0, 0, 0, 1); -moz-animation-timing-function: ease-in-out; }
  100% { top: 12.513209228515628px; left: 1047.640832210163px; width: 250.9421392501px; height: 125.33375px; -moz-transform: matrix3d(1, 0, 0, 0, 0, 1, 0, 0, 0, 0, 1, 0, 0, 0, 0, 1); -moz-animation-timing-function: linear; }
}
@keyframes gen-222manimation_keyframes {
  0% { top: 12.513209228515628px; left: 1047.640832210163px; width: 250.9421392501px; height: 125.33375px; transform: matrix3d(1, 0, 0, 0, 0, 1, 0, 0, 0, 0, 1, 0, 0, 0, 0, 1); animation-timing-function: ease-in-out; }
  49.0196% { top: 17.18461931544511px; left: -257.1077543472411px; width: 250.94213925009996px; height: 125.33375000000001px; transform: matrix3d(1, 0, 0, 0, 0, 1, 0, 0, 0, 0, 1, 0, 0, 0, 0, 1); animation-timing-function: ease-in-out; }
  100% { top: 12.513209228515628px; left: 1047.640832210163px; width: 250.9421392501px; height: 125.33375px; transform: matrix3d(1, 0, 0, 0, 0, 1, 0, 0, 0, 0, 1, 0, 0, 0, 0, 1); animation-timing-function: linear; }
}
@-webkit-keyframes gen-drrkanimation_keyframes {
  0% { top: 160.82802860882853px; left: 1065.071217662423px; width: 171.43950890320002px; height: 89.4310186685px; -webkit-transform: matrix3d(1, 0, 0, 0, 0, 1, 0, 0, 0, 0, 1, 0, 0, 0, 0, 1); -webkit-animation-timing-function: ease-in-out; }
  50% { top: 178.67912615535124px; left: -190.27619807626462px; width: 171.43950890320002px; height: 89.43101866850002px; -webkit-transform: matrix3d(1, 0, 0, 0, 0, 1, 0, 0, 0, 0, 1, 0, 0, 0, 0, 1); -webkit-animation-timing-function: ease-in-out; }
  100% { top: 158.77782766113205px; left: 1076.2284897791028px; width: 171.43950890320002px; height: 89.4310186685px; -webkit-transform: matrix3d(1, 0, 0, 0, 0, 1, 0, 0, 0, 0, 1, 0, 0, 0, 0, 1); -webkit-animation-timing-function: linear; }
}
@-moz-keyframes gen-drrkanimation_keyframes {
  0% { top: 160.82802860882853px; left: 1065.071217662423px; width: 171.43950890320002px; height: 89.4310186685px; -moz-transform: matrix3d(1, 0, 0, 0, 0, 1, 0, 0, 0, 0, 1, 0, 0, 0, 0, 1); -moz-animation-timing-function: ease-in-out; }
  50% { top: 178.67912615535124px; left: -190.27619807626462px; width: 171.43950890320002px; height: 89.43101866850002px; -moz-transform: matrix3d(1, 0, 0, 0, 0, 1, 0, 0, 0, 0, 1, 0, 0, 0, 0, 1); -moz-animation-timing-function: ease-in-out; }
  100% { top: 158.77782766113205px; left: 1076.2284897791028px; width: 171.43950890320002px; height: 89.4310186685px; -moz-transform: matrix3d(1, 0, 0, 0, 0, 1, 0, 0, 0, 0, 1, 0, 0, 0, 0, 1); -moz-animation-timing-function: linear; }
}
@keyframes gen-drrkanimation_keyframes {
  0% { top: 160.82802860882853px; left: 1065.071217662423px; width: 171.43950890320002px; height: 89.4310186685px; transform: matrix3d(1, 0, 0, 0, 0, 1, 0, 0, 0, 0, 1, 0, 0, 0, 0, 1); animation-timing-function: ease-in-out; }
  50% { top: 178.67912615535124px; left: -190.27619807626462px; width: 171.43950890320002px; height: 89.43101866850002px; transform: matrix3d(1, 0, 0, 0, 0, 1, 0, 0, 0, 0, 1, 0, 0, 0, 0, 1); animation-timing-function: ease-in-out; }
  100% { top: 158.77782766113205px; left: 1076.2284897791028px; width: 171.43950890320002px; height: 89.4310186685px; transform: matrix3d(1, 0, 0, 0, 0, 1, 0, 0, 0, 0, 1, 0, 0, 0, 0, 1); animation-timing-function: linear; }
}
@-webkit-keyframes gen-5bl4animation_keyframes {
  0% { top: 137.108125px; left: 1069.0640447998px; width: 246.77947342560003px; height: 112.78375px; -webkit-transform: matrix3d(-1, 0, 0, 0, 0, 1, 0, 0, 0, 0, -1, 0, -18.1666666667, 146.5, 0, 1); -webkit-animation-timing-function: ease-in-out; }
  50.495% { top: 167.108125px; left: 1069.0640447998px; width: 246.77947342560003px; height: 112.78375px; -webkit-transform: matrix3d(-1, 0, 0, 0, 0, 1, 0, 0, 0, 0, -1, 0, -1313.5, 156.5, 0, 1); -webkit-animation-timing-function: ease-in-out; }
  100% { top: 167.108125px; left: 1069.0640447998px; width: 246.77947342560003px; height: 112.78375px; -webkit-transform: matrix3d(-1, 0, 0, 0, 0, 1, 0, 0, 0, 0, -1, 0, -15.1666666667, 99.8333333333, 0, 1); -webkit-animation-timing-function: linear; }
}
@-moz-keyframes gen-5bl4animation_keyframes {
  0% { top: 137.108125px; left: 1069.0640447998px; width: 246.77947342560003px; height: 112.78375px; -moz-transform: matrix3d(-1, 0, 0, 0, 0, 1, 0, 0, 0, 0, -1, 0, -18.1666666667, 146.5, 0, 1); -moz-animation-timing-function: ease-in-out; }
  50.495% { top: 167.108125px; left: 1069.0640447998px; width: 246.77947342560003px; height: 112.78375px; -moz-transform: matrix3d(-1, 0, 0, 0, 0, 1, 0, 0, 0, 0, -1, 0, -1313.5, 156.5, 0, 1); -moz-animation-timing-function: ease-in-out; }
  100% { top: 167.108125px; left: 1069.0640447998px; width: 246.77947342560003px; height: 112.78375px; -moz-transform: matrix3d(-1, 0, 0, 0, 0, 1, 0, 0, 0, 0, -1, 0, -15.1666666667, 99.8333333333, 0, 1); -moz-animation-timing-function: linear; }
}
@keyframes gen-5bl4animation_keyframes {
  0% { top: 137.108125px; left: 1069.0640447998px; width: 246.77947342560003px; height: 112.78375px; transform: matrix3d(-1, 0, 0, 0, 0, 1, 0, 0, 0, 0, -1, 0, -18.1666666667, 146.5, 0, 1); animation-timing-function: ease-in-out; }
  50.495% { top: 167.108125px; left: 1069.0640447998px; width: 246.77947342560003px; height: 112.78375px; transform: matrix3d(-1, 0, 0, 0, 0, 1, 0, 0, 0, 0, -1, 0, -1313.5, 156.5, 0, 1); animation-timing-function: ease-in-out; }
  100% { top: 167.108125px; left: 1069.0640447998px; width: 246.77947342560003px; height: 112.78375px; transform: matrix3d(-1, 0, 0, 0, 0, 1, 0, 0, 0, 0, -1, 0, -15.1666666667, 99.8333333333, 0, 1); animation-timing-function: linear; }
}
@-webkit-keyframes gen-h31zanimation_keyframes {
  0% { top: 168.328125px; left: 1062.8501980527px; width: 225.6114374228px; height: 101.3918780041px; -webkit-transform: matrix3d(-1, 0, 0, 0, 0, 1, 0, 0, 0, 0, -1, 0, -30.5, 257, 0, 1); -webkit-animation-timing-function: ease-in-out; }
  51.4851% { top: 168.328125px; left: 1062.8501980527px; width: 225.6114374228px; height: 101.3918780041px; -webkit-transform: matrix3d(-1, 0, 0, 0, 0, 1, 0, 0, 0, 0, -1, 0, -1315.5, 292.6666666667, 0, 1); -webkit-animation-timing-function: ease-in-out; }
  100% { top: 168.328125px; left: 1062.8501980527px; width: 225.6114374228px; height: 101.3918780041px; -webkit-transform: matrix3d(-1, 0, 0, 0, 0, 1, 0, 0, 0, 0, -1, 0, -30.5, 257, 0, 1); -webkit-animation-timing-function: linear; }
}
@-moz-keyframes gen-h31zanimation_keyframes {
  0% { top: 168.328125px; left: 1062.8501980527px; width: 225.6114374228px; height: 101.3918780041px; -moz-transform: matrix3d(-1, 0, 0, 0, 0, 1, 0, 0, 0, 0, -1, 0, -30.5, 257, 0, 1); -moz-animation-timing-function: ease-in-out; }
  51.4851% { top: 168.328125px; left: 1062.8501980527px; width: 225.6114374228px; height: 101.3918780041px; -moz-transform: matrix3d(-1, 0, 0, 0, 0, 1, 0, 0, 0, 0, -1, 0, -1315.5, 292.6666666667, 0, 1); -moz-animation-timing-function: ease-in-out; }
  100% { top: 168.328125px; left: 1062.8501980527px; width: 225.6114374228px; height: 101.3918780041px; -moz-transform: matrix3d(-1, 0, 0, 0, 0, 1, 0, 0, 0, 0, -1, 0, -30.5, 257, 0, 1); -moz-animation-timing-function: linear; }
}
@keyframes gen-h31zanimation_keyframes {
  0% { top: 168.328125px; left: 1062.8501980527px; width: 225.6114374228px; height: 101.3918780041px; transform: matrix3d(-1, 0, 0, 0, 0, 1, 0, 0, 0, 0, -1, 0, -30.5, 257, 0, 1); animation-timing-function: ease-in-out; }
  51.4851% { top: 168.328125px; left: 1062.8501980527px; width: 225.6114374228px; height: 101.3918780041px; transform: matrix3d(-1, 0, 0, 0, 0, 1, 0, 0, 0, 0, -1, 0, -1315.5, 292.6666666667, 0, 1); animation-timing-function: ease-in-out; }
  100% { top: 168.328125px; left: 1062.8501980527px; width: 225.6114374228px; height: 101.3918780041px; transform: matrix3d(-1, 0, 0, 0, 0, 1, 0, 0, 0, 0, -1, 0, -30.5, 257, 0, 1); animation-timing-function: linear; }
}
.gen-n3hs .gen-j2hpanimation {
  -webkit-animation: gen-j2hpanimation_keyframes 6.2s linear 0s infinite forwards;
  -moz-animation: gen-j2hpanimation_keyframes 6.2s linear 0s infinite forwards;
  animation: gen-j2hpanimation_keyframes 6.2s linear 0s infinite forwards;
}

.gen-n3hs .gen-a3slanimation {
  -webkit-animation: gen-a3slanimation_keyframes 6.2s linear 0s infinite forwards;
  -moz-animation: gen-a3slanimation_keyframes 6.2s linear 0s infinite forwards;
  animation: gen-a3slanimation_keyframes 6.2s linear 0s infinite forwards;
}

@-webkit-keyframes gen-j2hpanimation_keyframes {
  0% { top: 206.0334472656px; left: 471.7496313476px; width: 190.5007373047px; height: 369.9331054688px; -webkit-transform: matrix3d(0.990749392, -0.1328811997, 0.0275359587, 0, 0.1357042456, 0.9701389024, -0.201034494, 0, 0, 0.2029115492, 0.9791970707, 0, -24.2264776682, 18.1480170299, 34.5754653103, 1); -webkit-animation-timing-function: ease; }
  51.6129% { top: 206.0334472656px; left: 471.7496313476px; width: 190.5007373047px; height: 369.9331054688px; -webkit-transform: matrix3d(0.9872280482, 0.1592706841, -0.0036918734, 0, -0.1508481726, 0.9270661418, -0.3432101361, 0, -0.0512407024, 0.3393835852, 0.9392513894, 0, 29.3541114787, -10.4138672064, 28.5784005009, 1); -webkit-animation-timing-function: ease; }
  100% { top: 206.0334472656px; left: 471.7496313476px; width: 190.5007373047px; height: 369.9331054688px; -webkit-transform: matrix3d(0.9896648242, -0.1390883205, 0.0348994967, 0, 0.1433172331, 0.9676184936, -0.2077850366, 0, -0.0048689267, 0.210639241, 0.9775517396, 0, -24, 18, 35, 1); -webkit-animation-timing-function: linear; }
}
@-moz-keyframes gen-j2hpanimation_keyframes {
  0% { top: 206.0334472656px; left: 471.7496313476px; width: 190.5007373047px; height: 369.9331054688px; -moz-transform: matrix3d(0.990749392, -0.1328811997, 0.0275359587, 0, 0.1357042456, 0.9701389024, -0.201034494, 0, 0, 0.2029115492, 0.9791970707, 0, -24.2264776682, 18.1480170299, 34.5754653103, 1); -moz-animation-timing-function: ease; }
  51.6129% { top: 206.0334472656px; left: 471.7496313476px; width: 190.5007373047px; height: 369.9331054688px; -moz-transform: matrix3d(0.9872280482, 0.1592706841, -0.0036918734, 0, -0.1508481726, 0.9270661418, -0.3432101361, 0, -0.0512407024, 0.3393835852, 0.9392513894, 0, 29.3541114787, -10.4138672064, 28.5784005009, 1); -moz-animation-timing-function: ease; }
  100% { top: 206.0334472656px; left: 471.7496313476px; width: 190.5007373047px; height: 369.9331054688px; -moz-transform: matrix3d(0.9896648242, -0.1390883205, 0.0348994967, 0, 0.1433172331, 0.9676184936, -0.2077850366, 0, -0.0048689267, 0.210639241, 0.9775517396, 0, -24, 18, 35, 1); -moz-animation-timing-function: linear; }
}
@keyframes gen-j2hpanimation_keyframes {
  0% { top: 206.0334472656px; left: 471.7496313476px; width: 190.5007373047px; height: 369.9331054688px; transform: matrix3d(0.990749392, -0.1328811997, 0.0275359587, 0, 0.1357042456, 0.9701389024, -0.201034494, 0, 0, 0.2029115492, 0.9791970707, 0, -24.2264776682, 18.1480170299, 34.5754653103, 1); animation-timing-function: ease; }
  51.6129% { top: 206.0334472656px; left: 471.7496313476px; width: 190.5007373047px; height: 369.9331054688px; transform: matrix3d(0.9872280482, 0.1592706841, -0.0036918734, 0, -0.1508481726, 0.9270661418, -0.3432101361, 0, -0.0512407024, 0.3393835852, 0.9392513894, 0, 29.3541114787, -10.4138672064, 28.5784005009, 1); animation-timing-function: ease; }
  100% { top: 206.0334472656px; left: 471.7496313476px; width: 190.5007373047px; height: 369.9331054688px; transform: matrix3d(0.9896648242, -0.1390883205, 0.0348994967, 0, 0.1433172331, 0.9676184936, -0.2077850366, 0, -0.0048689267, 0.210639241, 0.9775517396, 0, -24, 18, 35, 1); animation-timing-function: linear; }
}
@-webkit-keyframes gen-a3slanimation_keyframes {
  0% { top: 336.3161872973px; left: 134.724959326px; width: 276.5500813480999px; height: 167.3676254054px; -webkit-transform: matrix3d(0.990749392, -0.1328811997, 0.0275359587, 0, 0.1357042456, 0.9701389024, -0.201034494, 0, 0, 0.2029115492, 0.9791970707, 0, 197.0244542288, -147.7050636013, 62.9344866282, 1); -webkit-animation-timing-function: ease; }
  51.6129% { top: 336.3161872973px; left: 134.724959326px; width: 276.5500813480999px; height: 167.3676254054px; -webkit-transform: matrix3d(0.9872280482, 0.1592706841, -0.0036918734, 0, -0.1508481726, 0.9270661418, -0.3432101361, 0, -0.0512407024, 0.3393835852, 0.9392513894, 0, 294.3877777259, -192.5924995715, 51.4407007792, 1); -webkit-animation-timing-function: ease; }
  100% { top: 336.3161872973px; left: 134.724959326px; width: 276.5500813480999px; height: 167.3676254054px; -webkit-transform: matrix3d(0.9896648242, -0.1390883205, 0.0348994967, 0, 0.1433172332, 0.9676184936, -0.2077850366, 0, -0.0048689267, 0.210639241, 0.9775517396, 0, 197, -148, 63, 1); -webkit-animation-timing-function: linear; }
}
@-moz-keyframes gen-a3slanimation_keyframes {
  0% { top: 336.3161872973px; left: 134.724959326px; width: 276.5500813480999px; height: 167.3676254054px; -moz-transform: matrix3d(0.990749392, -0.1328811997, 0.0275359587, 0, 0.1357042456, 0.9701389024, -0.201034494, 0, 0, 0.2029115492, 0.9791970707, 0, 197.0244542288, -147.7050636013, 62.9344866282, 1); -moz-animation-timing-function: ease; }
  51.6129% { top: 336.3161872973px; left: 134.724959326px; width: 276.5500813480999px; height: 167.3676254054px; -moz-transform: matrix3d(0.9872280482, 0.1592706841, -0.0036918734, 0, -0.1508481726, 0.9270661418, -0.3432101361, 0, -0.0512407024, 0.3393835852, 0.9392513894, 0, 294.3877777259, -192.5924995715, 51.4407007792, 1); -moz-animation-timing-function: ease; }
  100% { top: 336.3161872973px; left: 134.724959326px; width: 276.5500813480999px; height: 167.3676254054px; -moz-transform: matrix3d(0.9896648242, -0.1390883205, 0.0348994967, 0, 0.1433172332, 0.9676184936, -0.2077850366, 0, -0.0048689267, 0.210639241, 0.9775517396, 0, 197, -148, 63, 1); -moz-animation-timing-function: linear; }
}
@keyframes gen-a3slanimation_keyframes {
  0% { top: 336.3161872973px; left: 134.724959326px; width: 276.5500813480999px; height: 167.3676254054px; transform: matrix3d(0.990749392, -0.1328811997, 0.0275359587, 0, 0.1357042456, 0.9701389024, -0.201034494, 0, 0, 0.2029115492, 0.9791970707, 0, 197.0244542288, -147.7050636013, 62.9344866282, 1); animation-timing-function: ease; }
  51.6129% { top: 336.3161872973px; left: 134.724959326px; width: 276.5500813480999px; height: 167.3676254054px; transform: matrix3d(0.9872280482, 0.1592706841, -0.0036918734, 0, -0.1508481726, 0.9270661418, -0.3432101361, 0, -0.0512407024, 0.3393835852, 0.9392513894, 0, 294.3877777259, -192.5924995715, 51.4407007792, 1); animation-timing-function: ease; }
  100% { top: 336.3161872973px; left: 134.724959326px; width: 276.5500813480999px; height: 167.3676254054px; transform: matrix3d(0.9896648242, -0.1390883205, 0.0348994967, 0, 0.1433172332, 0.9676184936, -0.2077850366, 0, -0.0048689267, 0.210639241, 0.9775517396, 0, 197, -148, 63, 1); animation-timing-function: linear; }
}
.canvas-8j4p {
  width: 51.769522198299995px;
  height: 36.3876435018px;
  left: 805.8448705042869px;
  top: 529.7176267909108px;
  -webkit-transform: matrix3d(0.9949604457, -0.1002681985, 0, 0, 0.1002681985, 0.9949604457, 0, 0, 0, 0, 1, 0, 35.4575603416, -1.1458693601, 0, 1);
  -moz-transform: matrix3d(0.9949604457, -0.1002681985, 0, 0, 0.1002681985, 0.9949604457, 0, 0, 0, 0, 1, 0, 35.4575603416, -1.1458693601, 0, 1);
  transform: matrix3d(0.9949604457, -0.1002681985, 0, 0, 0.1002681985, 0.9949604457, 0, 0, 0, 0, 1, 0, 35.4575603416, -1.1458693601, 0, 1);
  -webkit-transform-style: preserve-3d;
  -moz-transform-style: preserve-3d;
  transform-style: preserve-3d;
}

.div-ruwv {
  position: absolute;
  font-family: 'Times New Roman';
  text-align: left;
  left: 925px;
  top: 11px;
}

.span-2rsa {
  color: rgb(0, 51, 255);
}

.span-8cfy {
  color: rgb(0, 51, 255);
}

.gen-222manimation-gen-animation0keyframe {
  top: 12.513209228515628px;
  left: 1047.640832210163px;
  width: 250.9421392501px;
  height: 125.33375px;
  -webkit-transform: matrix3d(1, 0, 0, 0, 0, 1, 0, 0, 0, 0, 1, 0, 0, 0, 0, 1);
  -moz-transform: matrix3d(1, 0, 0, 0, 0, 1, 0, 0, 0, 0, 1, 0, 0, 0, 0, 1);
  transform: matrix3d(1, 0, 0, 0, 0, 1, 0, 0, 0, 0, 1, 0, 0, 0, 0, 1);
}

.gen-drrkanimation-gen-animation0keyframe {
  top: 160.82802860882853px;
  left: 1065.071217662423px;
  width: 171.43950890320002px;
  height: 89.4310186685px;
  -webkit-transform: matrix3d(1, 0, 0, 0, 0, 1, 0, 0, 0, 0, 1, 0, 0, 0, 0, 1);
  -moz-transform: matrix3d(1, 0, 0, 0, 0, 1, 0, 0, 0, 0, 1, 0, 0, 0, 0, 1);
  transform: matrix3d(1, 0, 0, 0, 0, 1, 0, 0, 0, 0, 1, 0, 0, 0, 0, 1);
}

.gen-h31zanimation-gen-animation0keyframe {
  top: 168.328125px;
  left: 1062.8501980527px;
  width: 225.6114374228px;
  height: 101.3918780041px;
  -webkit-transform: matrix3d(-1, 0, 0, 0, 0, 1, 0, 0, 0, 0, -1, 0, -30.5, 257, 0, 1);
  -moz-transform: matrix3d(-1, 0, 0, 0, 0, 1, 0, 0, 0, 0, -1, 0, -30.5, 257, 0, 1);
  transform: matrix3d(-1, 0, 0, 0, 0, 1, 0, 0, 0, 0, -1, 0, -30.5, 257, 0, 1);
}

.gen-5bl4animation-gen-animation0keyframe {
  top: 137.108125px;
  left: 1069.0640447998px;
  width: 246.77947342560003px;
  height: 112.78375px;
  -webkit-transform: matrix3d(-1, 0, 0, 0, 0, 1, 0, 0, 0, 0, -1, 0, -18.1666666667, 146.5, 0, 1);
  -moz-transform: matrix3d(-1, 0, 0, 0, 0, 1, 0, 0, 0, 0, -1, 0, -18.1666666667, 146.5, 0, 1);
  transform: matrix3d(-1, 0, 0, 0, 0, 1, 0, 0, 0, 0, -1, 0, -18.1666666667, 146.5, 0, 1);
}

.gen-j2hpanimation-gen-animation0keyframe {
  top: 206.0334472656px;
  left: 471.7496313476px;
  width: 190.5007373047px;
  height: 369.9331054688px;
  -webkit-transform: matrix3d(0.990749392, -0.1328811997, 0.0275359587, 0, 0.1357042456, 0.9701389024, -0.201034494, 0, 0, 0.2029115492, 0.9791970707, 0, -24.2264776682, 18.1480170299, 34.5754653103, 1);
  -moz-transform: matrix3d(0.990749392, -0.1328811997, 0.0275359587, 0, 0.1357042456, 0.9701389024, -0.201034494, 0, 0, 0.2029115492, 0.9791970707, 0, -24.2264776682, 18.1480170299, 34.5754653103, 1);
  transform: matrix3d(0.990749392, -0.1328811997, 0.0275359587, 0, 0.1357042456, 0.9701389024, -0.201034494, 0, 0, 0.2029115492, 0.9791970707, 0, -24.2264776682, 18.1480170299, 34.5754653103, 1);
}

.gen-a3slanimation-gen-animation0keyframe {
  top: 336.3161872973px;
  left: 134.724959326px;
  width: 276.5500813480999px;
  height: 167.3676254054px;
  -webkit-transform: matrix3d(0.990749392, -0.1328811997, 0.0275359587, 0, 0.1357042456, 0.9701389024, -0.201034494, 0, 0, 0.2029115492, 0.9791970707, 0, 197.0244542288, -147.7050636013, 62.9344866282, 1);
  -moz-transform: matrix3d(0.990749392, -0.1328811997, 0.0275359587, 0, 0.1357042456, 0.9701389024, -0.201034494, 0, 0, 0.2029115492, 0.9791970707, 0, 197.0244542288, -147.7050636013, 62.9344866282, 1);
  transform: matrix3d(0.990749392, -0.1328811997, 0.0275359587, 0, 0.1357042456, 0.9701389024, -0.201034494, 0, 0, 0.2029115492, 0.9791970707, 0, 197.0244542288, -147.7050636013, 62.9344866282, 1);
}

</style>
    <script type="text/x-serialization" id="serialization">{
  "version": 1,
  "content": {
    "type": "rad.ad.RichMedia",
    "properties": {
      "environment": "@environment"
    },
    "children": [
      "@page1"
    ]
  },
  "objects": {
    "environment": {
      "type": "rad.environment.Browser"
    },
    "page1": {
      "type": "rad.ui.Page",
      "decorates": true,
      "properties": {
        "width": "1024px",
        "height": "768px",
