<!DOCTYPE html>
<!--Lotus animated by Akvil on 9th day of July of the year 2014 -->
<html><head data-animation-mode="proMode">
    <meta http-equiv="Content-Type" content="text/html; charset=utf-8">
    <meta name="viewport" content="width=device-width, initial-scale=1.0">
    <style type="text/css">html, body {
  width: 100%;
  height: 100%;
  margin: 0px;
}

.page-container {
  position: relative;
  width: 100%;
  height: 100%;
}

.page-content {
  background-color: transparent;
  -webkit-transform: matrix3d(1, 0, 0, 0, 0, 1, 0, 0, 0, 0, 1, 0, 0, 0, 0, 1);
  -moz-transform: matrix3d(1, 0, 0, 0, 0, 1, 0, 0, 0, 0, 1, 0, 0, 0, 0, 1);
  transform: matrix3d(1, 0, 0, 0, 0, 1, 0, 0, 0, 0, 1, 0, 0, 0, 0, 1);
  -webkit-perspective: 1400px;
  -moz-perspective: 1400px;
  perspective: 1400px;
  -webkit-transform-style: preserve-3d;
  -moz-transform-style: preserve-3d;
  transform-style: preserve-3d;
  position: absolute;
}

.page-wrapper {
  background-color: rgb(255, 255, 255);
  position: absolute;
  -webkit-transform: translateZ(0px);
  -moz-transform: translateZ(0px);
  transform: translateZ(0px);
}

.page-size {
  width: 1024px;
  height: 768px;
}

.canvas-8ap8 {
  position: absolute;
  -webkit-transform: matrix3d(1, 0, 0, 0, 0, 1, 0, 0, 0, 0, 1, 0, 0, 0, 0, 1);
  -moz-transform: matrix3d(1, 0, 0, 0, 0, 1, 0, 0, 0, 0, 1, 0, 0, 0, 0, 1);
  transform: matrix3d(1, 0, 0, 0, 0, 1, 0, 0, 0, 0, 1, 0, 0, 0, 0, 1);
  -webkit-transform-style: preserve-3d;
  -moz-transform-style: preserve-3d;
  transform-style: preserve-3d;
  width: 104.5px;
  height: 194.046875px;
  opacity: 1;
  left: 829.2499999999959px;
  top: 274.9765625px;
}

.canvas-yqgc {
  position: absolute;
  width: 76.1563528776px;
  opacity: 1;
  font-size: 16px;
  -webkit-transform-style: preserve-3d;
  -moz-transform-style: preserve-3d;
  transform-style: preserve-3d;
  top: 355.875px;
  left: 763.0181101698px;
  height: 42.25px;
  -webkit-transform: matrix3d(0.9999143276, 0, -0.0130895956, 0, 0.000285548, 0.9997620271, 0.0218130161, 0, 0.0130864806, -0.021814885, 0.999676375, 0, 242.3431760669, 20.4165277525, 58.9609644261, 1);
  -moz-transform: matrix3d(0.9999143276, 0, -0.0130895956, 0, 0.000285548, 0.9997620271, 0.0218130161, 0, 0.0130864806, -0.021814885, 0.999676375, 0, 242.3431760669, 20.4165277525, 58.9609644261, 1);
  transform: matrix3d(0.9999143276, 0, -0.0130895956, 0, 0.000285548, 0.9997620271, 0.0218130161, 0, 0.0130864806, -0.021814885, 0.999676375, 0, 242.3431760669, 20.4165277525, 58.9609644261, 1);
}

.canvas-ij2a {
  width: 104.5px;
  -webkit-transform-origin: 8.9119150963px 80.8825762053px 0.8986125736px;
  -moz-transform-origin: 8.9119150963px 80.8825762053px 0.8986125736px;
  transform-origin: 8.9119150963px 80.8825762053px 0.8986125736px;
  -webkit-transform: matrix3d(0.7479785396, -0.6631159262, 0.0283790895, 0, 0.659995315, 0.7476227415, 0.0739352458, 0, -0.0702444917, -0.0365719112, 0.9968591709, 0, -4.2151722814, 16.1819455399, -0.8986125736, 1);
  -moz-transform: matrix3d(0.7479785396, -0.6631159262, 0.0283790895, 0, 0.659995315, 0.7476227415, 0.0739352458, 0, -0.0702444917, -0.0365719112, 0.9968591709, 0, -4.2151722814, 16.1819455399, -0.8986125736, 1);
  transform: matrix3d(0.7479785396, -0.6631159262, 0.0283790895, 0, 0.659995315, 0.7476227415, 0.0739352458, 0, -0.0702444917, -0.0365719112, 0.9968591709, 0, -4.2151722814, 16.1819455399, -0.8986125736, 1);
  -webkit-transform-style: preserve-3d;
  -moz-transform-style: preserve-3d;
  transform-style: preserve-3d;
}

.canvas-6omo {
  font-size: 16px;
  -webkit-transform: matrix3d(0.8377534369, -0.5454931923, -0.0246242997, 0, 0.5455992639, 0.8343830971, 0.0782706236, 0, -0.0221499928, -0.0790064838, 0.9966279915, 0, 385.3521091541, 35.0749395452, 2, 1);
  -moz-transform: matrix3d(0.8377534369, -0.5454931923, -0.0246242997, 0, 0.5455992639, 0.8343830971, 0.0782706236, 0, -0.0221499928, -0.0790064838, 0.9966279915, 0, 385.3521091541, 35.0749395452, 2, 1);
  transform: matrix3d(0.8377534369, -0.5454931923, -0.0246242997, 0, 0.5455992639, 0.8343830971, 0.0782706236, 0, -0.0221499928, -0.0790064838, 0.9966279915, 0, 385.3521091541, 35.0749395452, 2, 1);
  -webkit-transform-style: preserve-3d;
  -moz-transform-style: preserve-3d;
  transform-style: preserve-3d;
}

.canvas-8ybv {
  position: absolute;
  -webkit-transform-style: preserve-3d;
  -moz-transform-style: preserve-3d;
  transform-style: preserve-3d;
  -webkit-transform-origin: 512.5px 133.5px 0px;
  -moz-transform-origin: 512.5px 133.5px 0px;
  transform-origin: 512.5px 133.5px 0px;
  font-size: 16px;
  top: 500.8494317086px;
  left: -0.22323838120000006px;
  width: 1025.2232383812px;
  height: 267px;
  -webkit-transform: matrix3d(1, 0, 0, 0, 0, 1, 0, 0, 0, 0, 1, 0, 0, 0, 0, 1);
  -moz-transform: matrix3d(1, 0, 0, 0, 0, 1, 0, 0, 0, 0, 1, 0, 0, 0, 0, 1);
  transform: matrix3d(1, 0, 0, 0, 0, 1, 0, 0, 0, 0, 1, 0, 0, 0, 0, 1);
}

.canvas-ia7s {
  position: absolute;
  -webkit-transform-style: preserve-3d;
  -moz-transform-style: preserve-3d;
  transform-style: preserve-3d;
  left: -0.3871970448px;
  top: -0.2122447834px;
  width: 1025.7432384333px;
  height: 502.9462500676px;
  -webkit-transform-origin: 513.0004882812px 251.5px 0px;
  -moz-transform-origin: 513.0004882812px 251.5px 0px;
  transform-origin: 513.0004882812px 251.5px 0px;
  -webkit-transform: matrix3d(1, 0, 0, 0, 0, 1, 0, 0, 0, 0, 1, 0, 0, 0, 0, 1);
  -moz-transform: matrix3d(1, 0, 0, 0, 0, 1, 0, 0, 0, 0, 1, 0, 0, 0, 0, 1);
  transform: matrix3d(1, 0, 0, 0, 0, 1, 0, 0, 0, 0, 1, 0, 0, 0, 0, 1);
  font-size: 16px;
}

.sun {
  position: absolute;
  -webkit-transform-style: preserve-3d;
  -moz-transform-style: preserve-3d;
  transform-style: preserve-3d;
  color: rgb(0, 0, 0);
  top: 98.71317777583661px;
  left: 167.11089238849257px;
  width: 110.4000000044px;
  height: 110.4000000044px;
}

.canvas-cic9 {
  position: absolute;
  opacity: 0.8;
  -webkit-transform-origin: 119px 50px 0px;
  -moz-transform-origin: 119px 50px 0px;
  transform-origin: 119px 50px 0px;
  -webkit-transform-style: preserve-3d;
  -moz-transform-style: preserve-3d;
  transform-style: preserve-3d;
  font-size: 16px;
  top: 636.1665901365px;
  left: 235.7183227539px;
  width: 119.367032466px;
  height: 49.4836366929px;
  -webkit-transform: matrix3d(0.9998647237, -0.0164479239, 0, 0, 0.0164479239, 0.9998647237, 0, 0, 0, 0, 1, 0, 0.0160420898, -0.0494790436, 0, 1);
  -moz-transform: matrix3d(0.9998647237, -0.0164479239, 0, 0, 0.0164479239, 0.9998647237, 0, 0, 0, 0, 1, 0, 0.0160420898, -0.0494790436, 0, 1);
  transform: matrix3d(0.9998647237, -0.0164479239, 0, 0, 0.0164479239, 0.9998647237, 0, 0, 0, 0, 1, 0, 0.0160420898, -0.0494790436, 0, 1);
}

.canvas-yos6 {
  position: absolute;
  opacity: 0.8;
  -webkit-transform-style: preserve-3d;
  -moz-transform-style: preserve-3d;
  transform-style: preserve-3d;
  font-size: 16px;
  top: 615.6644718239px;
  left: 267.4023922939px;
  width: 63.520105345699996px;
  height: 56.7988538659px;
  -webkit-transform: matrix3d(0.9998647237, -0.0164479239, 0, 0, 0.0164479239, 0.9998647237, 0, 0, 0, 0, 1, 0, -0.6671952425, 0.8772862981, 0, 1);
  -moz-transform: matrix3d(0.9998647237, -0.0164479239, 0, 0, 0.0164479239, 0.9998647237, 0, 0, 0, 0, 1, 0, -0.6671952425, 0.8772862981, 0, 1);
  transform: matrix3d(0.9998647237, -0.0164479239, 0, 0, 0.0164479239, 0.9998647237, 0, 0, 0, 0, 1, 0, -0.6671952425, 0.8772862981, 0, 1);
}

.canvas-li5a {
  position: absolute;
  opacity: 0.8;
  -webkit-transform-style: preserve-3d;
  -moz-transform-style: preserve-3d;
  transform-style: preserve-3d;
  font-size: 16px;
  top: 595.7307105511px;
  left: 266.9031408862px;
  width: 53.7408175811px;
  height: 53.73666820350001px;
  -webkit-transform: matrix3d(0.9998647237, -0.0164479239, 0, 0, 0.0164479239, 0.9998647237, 0, 0, 0, 0, 1, 0, -1.0201492272, 0.9624343575, 0, 1);
  -moz-transform: matrix3d(0.9998647237, -0.0164479239, 0, 0, 0.0164479239, 0.9998647237, 0, 0, 0, 0, 1, 0, -1.0201492272, 0.9624343575, 0, 1);
  transform: matrix3d(0.9998647237, -0.0164479239, 0, 0, 0.0164479239, 0.9998647237, 0, 0, 0, 0, 1, 0, -1.0201492272, 0.9624343575, 0, 1);
}

.canvas-8g5c {
  position: absolute;
  opacity: 0.8;
  -webkit-transform-origin: 50% 50%;
  -moz-transform-origin: 50% 50%;
  transform-origin: 50% 50%;
  -webkit-transform-style: preserve-3d;
  -moz-transform-style: preserve-3d;
  transform-style: preserve-3d;
  font-size: 16px;
  top: 583.9302292704px;
  left: 293.9875988132px;
  width: 38.75373100489999px;
  height: 59.1943015573px;
  -webkit-transform: matrix3d(0.9998647237, -0.0164479239, 0, 0, 0.0164479239, 0.9998647237, 0, 0, 0, 0, 1, 0, -1.1708184299, 0.6429173259, 0, 1);
  -moz-transform: matrix3d(0.9998647237, -0.0164479239, 0, 0, 0.0164479239, 0.9998647237, 0, 0, 0, 0, 1, 0, -1.1708184299, 0.6429173259, 0, 1);
  transform: matrix3d(0.9998647237, -0.0164479239, 0, 0, 0.0164479239, 0.9998647237, 0, 0, 0, 0, 1, 0, -1.1708184299, 0.6429173259, 0, 1);
}

.canvas-bkvx {
  position: absolute;
  opacity: 0.8;
  -webkit-transform-origin: 24.5px 30.5px 0px;
  -moz-transform-origin: 24.5px 30.5px 0px;
  transform-origin: 24.5px 30.5px 0px;
  -webkit-transform-style: preserve-3d;
  -moz-transform-style: preserve-3d;
  transform-style: preserve-3d;
  font-size: 16px;
  top: 584.905307129px;
  left: 306.1653878062px;
  width: 48.80694048240001px;
  height: 60.9410256521px;
  -webkit-transform: matrix3d(0.9493074093, 0.3143492369, 0, 0, -0.3143492369, 0.9493074093, 0, 0, 0, 0, 1, 0, -1.1402222783, 0.3630320655, 0, 1);
  -moz-transform: matrix3d(0.9493074093, 0.3143492369, 0, 0, -0.3143492369, 0.9493074093, 0, 0, 0, 0, 1, 0, -1.1402222783, 0.3630320655, 0, 1);
  transform: matrix3d(0.9493074093, 0.3143492369, 0, 0, -0.3143492369, 0.9493074093, 0, 0, 0, 0, 1, 0, -1.1402222783, 0.3630320655, 0, 1);
}

.canvas-ywha {
  position: absolute;
  opacity: 0.8;
  -webkit-transform-style: preserve-3d;
  -moz-transform-style: preserve-3d;
  transform-style: preserve-3d;
  font-size: 16px;
  top: 570.1035622794px;
  left: 329.7379304587px;
  width: 27.310675435099995px;
  height: 78.4071050549px;
  -webkit-transform: matrix3d(0.9998647237, -0.0164479239, 0, 0, 0.0164479239, 0.9998647237, 0, 0, 0, 0, 1, 0, -1.2406684135, 0.1500207111, 0, 1);
  -moz-transform: matrix3d(0.9998647237, -0.0164479239, 0, 0, 0.0164479239, 0.9998647237, 0, 0, 0, 0, 1, 0, -1.2406684135, 0.1500207111, 0, 1);
  transform: matrix3d(0.9998647237, -0.0164479239, 0, 0, 0.0164479239, 0.9998647237, 0, 0, 0, 0, 1, 0, -1.2406684135, 0.1500207111, 0, 1);
}

.canvas-46yb {
  position: absolute;
  opacity: 0.8;
  -webkit-transform-style: preserve-3d;
  -moz-transform-style: preserve-3d;
  transform-style: preserve-3d;
  font-size: 16px;
  top: 573px;
  left: 346.8892089844px;
  width: 43.6599073121px;
  height: 60.8331028123px;
  -webkit-transform: matrix3d(0.9998647237, -0.0164479239, 0, 0, 0.0164479239, 0.9998647237, 0, 0, 0, 0, 1, 0, -1.3428055019, -0.2685896933, 0, 1);
  -moz-transform: matrix3d(0.9998647237, -0.0164479239, 0, 0, 0.0164479239, 0.9998647237, 0, 0, 0, 0, 1, 0, -1.3428055019, -0.2685896933, 0, 1);
  transform: matrix3d(0.9998647237, -0.0164479239, 0, 0, 0.0164479239, 0.9998647237, 0, 0, 0, 0, 1, 0, -1.3428055019, -0.2685896933, 0, 1);
}

.canvas-p6mv {
  position: absolute;
  opacity: 0.8;
  -webkit-transform-style: preserve-3d;
  -moz-transform-style: preserve-3d;
  transform-style: preserve-3d;
  font-size: 16px;
  top: 575.7762490398px;
  left: 382.7588479013px;
  width: 30.551438594999993px;
  height: 54.746887966799996px;
  -webkit-transform: matrix3d(0.9998647237, -0.0164479239, 0, 0, 0.0164479239, 0.9998647237, 0, 0, 0, 0, 1, 0, -1.3467285132, -0.7455794891, 0, 1);
  -moz-transform: matrix3d(0.9998647237, -0.0164479239, 0, 0, 0.0164479239, 0.9998647237, 0, 0, 0, 0, 1, 0, -1.3467285132, -0.7455794891, 0, 1);
  transform: matrix3d(0.9998647237, -0.0164479239, 0, 0, 0.0164479239, 0.9998647237, 0, 0, 0, 0, 1, 0, -1.3467285132, -0.7455794891, 0, 1);
}

.canvas-1wwl {
  position: absolute;
  opacity: 0.8;
  -webkit-transform-style: preserve-3d;
  -moz-transform-style: preserve-3d;
  transform-style: preserve-3d;
  font-size: 16px;
  top: 585.4275871043px;
  left: 380.3879525683px;
  width: 41.39114179629999px;
  height: 83.1846473029px;
  -webkit-transform: matrix3d(0.9259794077, 0.3775740147, 0, 0, -0.3775740147, 0.9259794077, 0, 0, 0, 0, 1, 0, -0.960608128, -0.798102253, 0, 1);
  -moz-transform: matrix3d(0.9259794077, 0.3775740147, 0, 0, -0.3775740147, 0.9259794077, 0, 0, 0, 0, 1, 0, -0.960608128, -0.798102253, 0, 1);
  transform: matrix3d(0.9259794077, 0.3775740147, 0, 0, -0.3775740147, 0.9259794077, 0, 0, 0, 0, 1, 0, -0.960608128, -0.798102253, 0, 1);
}

.canvas-6uab {
  position: absolute;
  opacity: 0.8;
  -webkit-transform-origin: 0px 46px 0px;
  -moz-transform-origin: 0px 46px 0px;
  transform-origin: 0px 46px 0px;
  -webkit-transform-style: preserve-3d;
  -moz-transform-style: preserve-3d;
  transform-style: preserve-3d;
  font-size: 16px;
  top: 611.8517117005px;
  left: 383.6616578245px;
  width: 78.1128015983px;
  height: 46.252709286700004px;
  -webkit-transform: matrix3d(0.9055362187, -0.4242689671, 0, 0, 0.4242689671, 0.9055362187, 0, 0, 0, 0, 1, 0, 10.2839760414, 11.5108164042, 0, 1);
  -moz-transform: matrix3d(0.9055362187, -0.4242689671, 0, 0, 0.4242689671, 0.9055362187, 0, 0, 0, 0, 1, 0, 10.2839760414, 11.5108164042, 0, 1);
  transform: matrix3d(0.9055362187, -0.4242689671, 0, 0, 0.4242689671, 0.9055362187, 0, 0, 0, 0, 1, 0, 10.2839760414, 11.5108164042, 0, 1);
}

.canvas-uj2z {
  position: absolute;
  opacity: 0.8;
  -webkit-transform-origin: 23.3743303002px 40.1758544798px 0px;
  -moz-transform-origin: 23.3743303002px 40.1758544798px 0px;
  transform-origin: 23.3743303002px 40.1758544798px 0px;
  -webkit-transform-style: preserve-3d;
  -moz-transform-style: preserve-3d;
  transform-style: preserve-3d;
  font-size: 16px;
  top: 637.0518276455px;
  left: 360.1741514216px;
  width: 112.57645612410002px;
  height: 45.66550577449999px;
  -webkit-transform: matrix3d(0.969945097, -0.1470209199, 0.1938849088, 0, 0.1463844087, 0.989069665, 0.0176862268, 0, -0.1943659271, 0.0112270588, 0.9808648426, 0, 0.6256696998, 0.8241455202, 0, 1);
  -moz-transform: matrix3d(0.969945097, -0.1470209199, 0.1938849088, 0, 0.1463844087, 0.989069665, 0.0176862268, 0, -0.1943659271, 0.0112270588, 0.9808648426, 0, 0.6256696998, 0.8241455202, 0, 1);
  transform: matrix3d(0.969945097, -0.1470209199, 0.1938849088, 0, 0.1463844087, 0.989069665, 0.0176862268, 0, -0.1943659271, 0.0112270588, 0.9808648426, 0, 0.6256696998, 0.8241455202, 0, 1);
}

.canvas-exu0 {
  position: absolute;
  -webkit-transform-style: preserve-3d;
  -moz-transform-style: preserve-3d;
  transform-style: preserve-3d;
  opacity: 0.8;
  width: 28.940510739499995px;
  height: 52.2328261871px;
  -webkit-transform-origin: 5px 28px 0px;
  -moz-transform-origin: 5px 28px 0px;
  transform-origin: 5px 28px 0px;
  -webkit-transform: matrix3d(1, 0, 0, 0, 0, 1, 0, 0, 0, 0, 1, 0, 0, 0, 0, 1);
  -moz-transform: matrix3d(1, 0, 0, 0, 0, 1, 0, 0, 0, 0, 1, 0, 0, 0, 0, 1);
  transform: matrix3d(1, 0, 0, 0, 0, 1, 0, 0, 0, 0, 1, 0, 0, 0, 0, 1);
  left: 321.4675502666997px;
  top: 607.4873860670997px;
}

.canvas-l1vv {
  position: absolute;
  opacity: 0.8;
  -webkit-transform-style: preserve-3d;
  -moz-transform-style: preserve-3d;
  transform-style: preserve-3d;
  font-size: 16px;
  top: 624.530859343px;
  left: 352.4224291001px;
  width: 54.3417168619px;
  height: 60.8461391237px;
  -webkit-transform: matrix3d(0.9998647237, -0.0164479239, 0, 0, 0.0164479239, 0.9998647237, 0, 0, 0, 0, 1, 0, -0.4971578169, -0.4482596221, 0, 1);
  -moz-transform: matrix3d(0.9998647237, -0.0164479239, 0, 0, 0.0164479239, 0.9998647237, 0, 0, 0, 0, 1, 0, -0.4971578169, -0.4482596221, 0, 1);
  transform: matrix3d(0.9998647237, -0.0164479239, 0, 0, 0.0164479239, 0.9998647237, 0, 0, 0, 0, 1, 0, -0.4971578169, -0.4482596221, 0, 1);
}

.canvas-erlt {
  position: absolute;
  opacity: 0.8;
  -webkit-transform-style: preserve-3d;
  -moz-transform-style: preserve-3d;
  transform-style: preserve-3d;
  font-size: 16px;
  top: 623.6738366411px;
  left: 378.2444564216px;
  width: 50.999220791px;
  height: 56.7839250038px;
  -webkit-transform: matrix3d(0.9998647237, -0.0164479239, 0, 0, 0.0164479239, 0.9998647237, 0, 0, 0, 0, 1, 0, -0.5497482189, -0.8426039693, 0, 1);
  -moz-transform: matrix3d(0.9998647237, -0.0164479239, 0, 0, 0.0164479239, 0.9998647237, 0, 0, 0, 0, 1, 0, -0.5497482189, -0.8426039693, 0, 1);
  transform: matrix3d(0.9998647237, -0.0164479239, 0, 0, 0.0164479239, 0.9998647237, 0, 0, 0, 0, 1, 0, -0.5497482189, -0.8426039693, 0, 1);
}

.canvas-ux6j {
  position: absolute;
  opacity: 0.8;
  -webkit-transform-style: preserve-3d;
  -moz-transform-style: preserve-3d;
  transform-style: preserve-3d;
  font-size: 16px;
  top: 633.2355364871px;
  left: 308.3027502944px;
  width: 63.7435885364px;
  height: 52.63686921560001px;
  -webkit-transform: matrix3d(0.9998647237, -0.0164479239, 0, 0, 0.0164479239, 0.9998647237, 0, 0, 0, 0, 1, 0, -0.4198301228, 0.1927075273, 0, 1);
  -moz-transform: matrix3d(0.9998647237, -0.0164479239, 0, 0, 0.0164479239, 0.9998647237, 0, 0, 0, 0, 1, 0, -0.4198301228, 0.1927075273, 0, 1);
  transform: matrix3d(0.9998647237, -0.0164479239, 0, 0, 0.0164479239, 0.9998647237, 0, 0, 0, 0, 1, 0, -0.4198301228, 0.1927075273, 0, 1);
}

.leaf {
  position: absolute;
  opacity: 0.8;
  -webkit-transform-origin: 137.1243839936px 20px 0px;
  -moz-transform-origin: 137.1243839936px 20px 0px;
  transform-origin: 137.1243839936px 20px 0px;
  -webkit-transform: matrix3d(1, 0, 0, 0, 0, 1, 0, 0, 0, 0, 1, 0, 0, 0, 0, 1);
  -moz-transform: matrix3d(1, 0, 0, 0, 0, 1, 0, 0, 0, 0, 1, 0, 0, 0, 0, 1);
  transform: matrix3d(1, 0, 0, 0, 0, 1, 0, 0, 0, 0, 1, 0, 0, 0, 0, 1);
  -webkit-transform-style: preserve-3d;
  -moz-transform-style: preserve-3d;
  transform-style: preserve-3d;
  width: 261.86583691119995px;
  height: 37.2261154488px;
  left: 329.0670815444px;
  top: 679.2181922756px;
}

.shadow {
  position: absolute;
  -webkit-transform-origin: 105px 28.5px 0px;
  -moz-transform-origin: 105px 28.5px 0px;
  transform-origin: 105px 28.5px 0px;
  -webkit-transform-style: preserve-3d;
  -moz-transform-style: preserve-3d;
  transform-style: preserve-3d;
  font-size: 16px;
  top: 676.795715425px;
  left: 260.80167715389996px;
  width: 210.45240755739997px;
  height: 57.6581297954px;
  -webkit-transform: matrix3d(0.9998647237, -0.0164479239, 0, 0, 0.0164479239, 0.9998647237, 0, 0, 0, 0, 1, 0, 0.3352885743, -0.233044099, 0, 1);
  -moz-transform: matrix3d(0.9998647237, -0.0164479239, 0, 0, 0.0164479239, 0.9998647237, 0, 0, 0, 0, 1, 0, 0.3352885743, -0.233044099, 0, 1);
  transform: matrix3d(0.9998647237, -0.0164479239, 0, 0, 0.0164479239, 0.9998647237, 0, 0, 0, 0, 1, 0, 0.3352885743, -0.233044099, 0, 1);
  opacity: 0.5;
}

.canvas-lc85 {
  -webkit-transform-style: preserve-3d;
  -moz-transform-style: preserve-3d;
  transform-style: preserve-3d;
  font-size: 16px;
  top: 603.4873860670997px;
  left: 347.4675502666992px;
  width: 29.337463897699994px;
  height: 56.19552286399999px;
  -webkit-transform: matrix3d(0.82890294, 0.5593924526, 0, 0, -0.5593924526, 0.82890294, 0, 0, 0, 0, 1, 0, 5.9906668263, -4.008375996, 0, 1);
  -moz-transform: matrix3d(0.82890294, 0.5593924526, 0, 0, -0.5593924526, 0.82890294, 0, 0, 0, 0, 1, 0, 5.9906668263, -4.008375996, 0, 1);
  transform: matrix3d(0.82890294, 0.5593924526, 0, 0, -0.5593924526, 0.82890294, 0, 0, 0, 0, 1, 0, 5.9906668263, -4.008375996, 0, 1);
}

.lotus {
  opacity: 0.8;
}

.canvas-x4r7 {
  -webkit-transform: matrix3d(0.9998647237, -0.0164479239, 0, 0, 0.0164479239, 0.9998647237, 0, 0, 0, 0, 1, 0, -0.8202317798, 0.2699305966, 0, 1);
  -moz-transform: matrix3d(0.9998647237, -0.0164479239, 0, 0, 0.0164479239, 0.9998647237, 0, 0, 0, 0, 1, 0, -0.8202317798, 0.2699305966, 0, 1);
  transform: matrix3d(0.9998647237, -0.0164479239, 0, 0, 0.0164479239, 0.9998647237, 0, 0, 0, 0, 1, 0, -0.8202317798, 0.2699305966, 0, 1);
  -webkit-transform-style: preserve-3d;
  -moz-transform-style: preserve-3d;
  transform-style: preserve-3d;
  left: 331.4675502666997px;
  top: 607.4873860670997px;
}

.lotus:hover {
  opacity: 0.4;
}

.canvas-umjf {
  -webkit-transform-style: preserve-3d;
  -moz-transform-style: preserve-3d;
  transform-style: preserve-3d;
  font-size: 16px;
  top: 614.4873860670997px;
  left: 309.4675502666997px;
  width: 33.384514092900005px;
  height: 56.8693867964px;
  -webkit-transform: matrix3d(0.8941938643, -0.4476799448, 0, 0, 0.4476799448, 0.8941938643, 0, 0, 0, 0, 1, 0, -4.7967244961, 2.2607696202, 0, 1);
  -moz-transform: matrix3d(0.8941938643, -0.4476799448, 0, 0, 0.4476799448, 0.8941938643, 0, 0, 0, 0, 1, 0, -4.7967244961, 2.2607696202, 0, 1);
  transform: matrix3d(0.8941938643, -0.4476799448, 0, 0, 0.4476799448, 0.8941938643, 0, 0, 0, 0, 1, 0, -4.7967244961, 2.2607696202, 0, 1);
}

.canvas-cwdw {
  opacity: 0.7;
  -webkit-transform-style: preserve-3d;
  -moz-transform-style: preserve-3d;
  transform-style: preserve-3d;
  font-size: 16px;
  top: 653.9909663034px;
  left: 288.0495319768px;
  width: 176.9009360465px;
  height: 36.0180673932px;
  -webkit-transform: matrix3d(-0.9975875095, -0.0188746459, -0.0668050058, 0, 0.063702368, -0.6313468525, -0.7728797837, 0, -0.0275892979, -0.7752708556, 0.6310260939, 0, -220.5381922632, 11.4573982492, 1.5940031149, 1);
  -moz-transform: matrix3d(-0.9975875095, -0.0188746459, -0.0668050058, 0, 0.063702368, -0.6313468525, -0.7728797837, 0, -0.0275892979, -0.7752708556, 0.6310260939, 0, -220.5381922632, 11.4573982492, 1.5940031149, 1);
  transform: matrix3d(-0.9975875095, -0.0188746459, -0.0668050058, 0, 0.063702368, -0.6313468525, -0.7728797837, 0, -0.0275892979, -0.7752708556, 0.6310260939, 0, -220.5381922632, 11.4573982492, 1.5940031149, 1);
}

.canvas-x4a1 {
  position: absolute;
  width: 84px;
  height: 40px;
  left: 612px;
  top: 617px;
  -webkit-transform-origin: 41.3486886837px 34.3315064813px 4.619382572px;
  -moz-transform-origin: 41.3486886837px 34.3315064813px 4.619382572px;
  transform-origin: 41.3486886837px 34.3315064813px 4.619382572px;
  -webkit-transform: matrix3d(0.9865924341, 0.0085701624, 0.1629782847, 0, 0.041954744, 0.9517410771, -0.304020923, 0, -0.157718637, 0.3067824546, 0.9386209868, 0, 6.6513113163, 72.6684935187, -4.619382572, 1);
  -moz-transform: matrix3d(0.9865924341, 0.0085701624, 0.1629782847, 0, 0.041954744, 0.9517410771, -0.304020923, 0, -0.157718637, 0.3067824546, 0.9386209868, 0, 6.6513113163, 72.6684935187, -4.619382572, 1);
  transform: matrix3d(0.9865924341, 0.0085701624, 0.1629782847, 0, 0.041954744, 0.9517410771, -0.304020923, 0, -0.157718637, 0.3067824546, 0.9386209868, 0, 6.6513113163, 72.6684935187, -4.619382572, 1);
  -webkit-transform-style: preserve-3d;
  -moz-transform-style: preserve-3d;
  transform-style: preserve-3d;
}

.canvas-jkg3 {
  position: absolute;
  width: 60px;
  height: 31px;
  left: 673px;
  top: 627px;
  -webkit-transform: matrix3d(0.9865924341, 0.0085701624, 0.1629782847, 0, 0.0082218677, 0.9947422706, -0.1020794594, 0, -0.1629962266, 0.1020508082, 0.9813347352, 0, 6.6659385378, 72.6690352659, 4.4604403875, 1);
  -moz-transform: matrix3d(0.9865924341, 0.0085701624, 0.1629782847, 0, 0.0082218677, 0.9947422706, -0.1020794594, 0, -0.1629962266, 0.1020508082, 0.9813347352, 0, 6.6659385378, 72.6690352659, 4.4604403875, 1);
  transform: matrix3d(0.9865924341, 0.0085701624, 0.1629782847, 0, 0.0082218677, 0.9947422706, -0.1020794594, 0, -0.1629962266, 0.1020508082, 0.9813347352, 0, 6.6659385378, 72.6690352659, 4.4604403875, 1);
  -webkit-transform-style: preserve-3d;
  -moz-transform-style: preserve-3d;
  transform-style: preserve-3d;
}

.ovel {
  opacity: 0.8;
}

.ovel:hover {
  opacity: 0.6;
  -webkit-transform-origin: 41.3486886837px 34.3315064813px 4.619382572px;
  -moz-transform-origin: 41.3486886837px 34.3315064813px 4.619382572px;
  transform-origin: 41.3486886837px 34.3315064813px 4.619382572px;
  -webkit-transform: matrix3d(0.9865924341, 0.0085701624, 0.1629782847, 0, 0.041954744, 0.9517410771, -0.304020923, 0, -0.157718637, 0.3067824546, 0.9386209868, 0, 19.7178821188, 72.7819979709, -2.4608749424, 1);
  -moz-transform: matrix3d(0.9865924341, 0.0085701624, 0.1629782847, 0, 0.041954744, 0.9517410771, -0.304020923, 0, -0.157718637, 0.3067824546, 0.9386209868, 0, 19.7178821188, 72.7819979709, -2.4608749424, 1);
  transform: matrix3d(0.9865924341, 0.0085701624, 0.1629782847, 0, 0.041954744, 0.9517410771, -0.304020923, 0, -0.157718637, 0.3067824546, 0.9386209868, 0, 19.7178821188, 72.7819979709, -2.4608749424, 1);
}

.canvas-z46r {
  -webkit-transform: matrix3d(0.9865924341, 0.0085701624, 0.1629782847, 0, 0.041954744, 0.9517410771, -0.304020923, 0, -0.157718637, 0.3067824546, 0.9386209868, 0, 6.6513113163, 72.6684935187, -4.619382572, 1);
  -moz-transform: matrix3d(0.9865924341, 0.0085701624, 0.1629782847, 0, 0.041954744, 0.9517410771, -0.304020923, 0, -0.157718637, 0.3067824546, 0.9386209868, 0, 6.6513113163, 72.6684935187, -4.619382572, 1);
  transform: matrix3d(0.9865924341, 0.0085701624, 0.1629782847, 0, 0.041954744, 0.9517410771, -0.304020923, 0, -0.157718637, 0.3067824546, 0.9386209868, 0, 6.6513113163, 72.6684935187, -4.619382572, 1);
  -webkit-transform-style: preserve-3d;
  -moz-transform-style: preserve-3d;
  transform-style: preserve-3d;
}

.canvas-2b9b {
  -webkit-transform: matrix3d(0.9865924341, 0.0085701624, 0.1629782847, 0, 0.0082218677, 0.9947422706, -0.1020794594, 0, -0.1629962266, 0.1020508082, 0.9813347352, 0, 6.6659385378, 72.6690352659, 4.4604403875, 1);
  -moz-transform: matrix3d(0.9865924341, 0.0085701624, 0.1629782847, 0, 0.0082218677, 0.9947422706, -0.1020794594, 0, -0.1629962266, 0.1020508082, 0.9813347352, 0, 6.6659385378, 72.6690352659, 4.4604403875, 1);
  transform: matrix3d(0.9865924341, 0.0085701624, 0.1629782847, 0, 0.0082218677, 0.9947422706, -0.1020794594, 0, -0.1629962266, 0.1020508082, 0.9813347352, 0, 6.6659385378, 72.6690352659, 4.4604403875, 1);
  -webkit-transform-style: preserve-3d;
  -moz-transform-style: preserve-3d;
  transform-style: preserve-3d;
}

.canvas-ovge {
  left: 329.0670815444px;
  top: 679.2181922756px;
  -webkit-transform-style: preserve-3d;
  -moz-transform-style: preserve-3d;
  transform-style: preserve-3d;
  -webkit-transform-origin: 137.1243839936px 20px 0px;
  -moz-transform-origin: 137.1243839936px 20px 0px;
  transform-origin: 137.1243839936px 20px 0px;
  -webkit-transform: matrix3d(1, 0, 0, 0, 0, 1, 0, 0, 0, 0, 1, 0, 29, -6, 0, 1);
  -moz-transform: matrix3d(1, 0, 0, 0, 0, 1, 0, 0, 0, 0, 1, 0, 29, -6, 0, 1);
  transform: matrix3d(1, 0, 0, 0, 0, 1, 0, 0, 0, 0, 1, 0, 29, -6, 0, 1);
}

.canvas-u4mw {
  position: absolute;
  width: 55.195796370500005px;
  height: 395.5px;
  opacity: 0.6;
  -webkit-transform-style: preserve-3d;
  -moz-transform-style: preserve-3d;
  transform-style: preserve-3d;
  top: 493.3288445708px;
  left: 259.9600467965px;
  -webkit-transform: matrix3d(0.9910208667, -0.1337072988, 0, 0, 0.1337072988, 0.9910208667, 0, 0, 0, 0, 1, 0, -12.6797455494, 1.1872859093, 0, 1);
  -moz-transform: matrix3d(0.9910208667, -0.1337072988, 0, 0, 0.1337072988, 0.9910208667, 0, 0, 0, 0, 1, 0, -12.6797455494, 1.1872859093, 0, 1);
  transform: matrix3d(0.9910208667, -0.1337072988, 0, 0, 0.1337072988, 0.9910208667, 0, 0, 0, 0, 1, 0, -12.6797455494, 1.1872859093, 0, 1);
}

.petals {
  position: absolute;
  -webkit-transform: matrix3d(1, 0, 0, 0, 0, 1, 0, 0, 0, 0, 1, 0, 0, 0, 0, 1);
  -moz-transform: matrix3d(1, 0, 0, 0, 0, 1, 0, 0, 0, 0, 1, 0, 0, 0, 0, 1);
  transform: matrix3d(1, 0, 0, 0, 0, 1, 0, 0, 0, 0, 1, 0, 0, 0, 0, 1);
  -webkit-transform-style: preserve-3d;
  -moz-transform-style: preserve-3d;
  transform-style: preserve-3d;
  width: 71.8989439829px;
  height: 165.4999999999px;
  left: 930.0256660673px;
  top: 290.75px;
  opacity: 0.8;
}

.canvas-o1zp {
  width: 71.890625px;
  -webkit-transform-origin: 23px 150px 0px;
  -moz-transform-origin: 23px 150px 0px;
  transform-origin: 23px 150px 0px;
  -webkit-transform-style: preserve-3d;
  -moz-transform-style: preserve-3d;
  transform-style: preserve-3d;
  top: 292.75px;
  left: 909.0256660673px;
  -webkit-transform: matrix3d(0.8830287567, -0.4693188841, 0, 0, 0.4693188841, 0.8830287567, 0, 0, 0, 0, 1, 0, -625.5109808174, 133.6833732535, 0, 1);
  -moz-transform: matrix3d(0.8830287567, -0.4693188841, 0, 0, 0.4693188841, 0.8830287567, 0, 0, 0, 0, 1, 0, -625.5109808174, 133.6833732535, 0, 1);
  transform: matrix3d(0.8830287567, -0.4693188841, 0, 0, 0.4693188841, 0.8830287567, 0, 0, 0, 0, 1, 0, -625.5109808174, 133.6833732535, 0, 1);
}

.canvas-c6ms {
  position: absolute;
  width: 58.3065571721px;
  height: 186.1167930544px;
  -webkit-transform: matrix3d(-0.9999442939, -0.010555049, 0, 0, 0.010555049, -0.9999442939, 0, 0, 0, 0, 1, 0, 1.0586781507, -8.978520032, 0, 1);
  -moz-transform: matrix3d(-0.9999442939, -0.010555049, 0, 0, 0.010555049, -0.9999442939, 0, 0, 0, 0, 1, 0, 1.0586781507, -8.978520032, 0, 1);
  transform: matrix3d(-0.9999442939, -0.010555049, 0, 0, 0.010555049, -0.9999442939, 0, 0, 0, 0, 1, 0, 1.0586781507, -8.978520032, 0, 1);
  -webkit-transform-style: preserve-3d;
  -moz-transform-style: preserve-3d;
  transform-style: preserve-3d;
  left: 935.2737734758px;
  top: 251.7102095335px;
  opacity: 0.8;
}

.canvas-vwix {
  position: absolute;
  opacity: 0.8;
  width: 69.49977732560001px;
  height: 146.0696144105px;
  -webkit-transform-style: preserve-3d;
  -moz-transform-style: preserve-3d;
  transform-style: preserve-3d;
  top: 409.5617241113px;
  left: 265.5226067251px;
  -webkit-transform: matrix3d(0.9910208667, -0.1337072988, 0, 0, 0.1337072988, 0.9910208667, 0, 0, 0, 0, 1, 0, -30.6741487231, 1.6098549846, 0, 1);
  -moz-transform: matrix3d(0.9910208667, -0.1337072988, 0, 0, 0.1337072988, 0.9910208667, 0, 0, 0, 0, 1, 0, -30.6741487231, 1.6098549846, 0, 1);
  transform: matrix3d(0.9910208667, -0.1337072988, 0, 0, 0.1337072988, 0.9910208667, 0, 0, 0, 0, 1, 0, -30.6741487231, 1.6098549846, 0, 1);
}

.canvas-zi9p {
  -webkit-transform-origin: 5.0250931798px 59.1125643961px 0px;
  -moz-transform-origin: 5.0250931798px 59.1125643961px 0px;
  transform-origin: 5.0250931798px 59.1125643961px 0px;
  -webkit-transform-style: preserve-3d;
  -moz-transform-style: preserve-3d;
  transform-style: preserve-3d;
  top: 430.64562816207945px;
  left: 275.91104639629316px;
  -webkit-transform: matrix3d(0.9984663796, -0.0553614388, 0, 0, 0.0553614388, 0.9984663796, 0, 0, 0, 0, 1, 0, -31.1009265232, 12.0595292747, 0, 1);
  -moz-transform: matrix3d(0.9984663796, -0.0553614388, 0, 0, 0.0553614388, 0.9984663796, 0, 0, 0, 0, 1, 0, -31.1009265232, 12.0595292747, 0, 1);
  transform: matrix3d(0.9984663796, -0.0553614388, 0, 0, 0.0553614388, 0.9984663796, 0, 0, 0, 0, 1, 0, -31.1009265232, 12.0595292747, 0, 1);
}

.canvas-5ffa {
  left: 932.2737734758px;
  top: 251.7102095335px;
}

.canvas-03mf {
  width: 17.0605644173px;
  font-size: 16px;
  height: 60.79361167079999px;
}

.canvas-ws24 {
  width: 16.461530541200002px;
  font-size: 16px;
  height: 63.1834778649px;
}

.canvas-pgl3 {
  width: 18.801141608100004px;
  height: 63.34003686250001px;
  -webkit-transform: matrix3d(-0.9999442939, -0.010555049, 0, 0, 0.010555049, -0.9999442939, 0, 0, 0, 0, 1, 0, -647.9710709756, 182.7092388746, 0, 1);
  -moz-transform: matrix3d(-0.9999442939, -0.010555049, 0, 0, 0.010555049, -0.9999442939, 0, 0, 0, 0, 1, 0, -647.9710709756, 182.7092388746, 0, 1);
  transform: matrix3d(-0.9999442939, -0.010555049, 0, 0, 0.010555049, -0.9999442939, 0, 0, 0, 0, 1, 0, -647.9710709756, 182.7092388746, 0, 1);
  -webkit-transform-style: preserve-3d;
  -moz-transform-style: preserve-3d;
  transform-style: preserve-3d;
}

.canvas-3lrr {
  width: 22.2747864995px;
  font-size: 16px;
  -webkit-transform-origin: 16.3509864804px 43.812363633px 0px;
  -moz-transform-origin: 16.3509864804px 43.812363633px 0px;
  transform-origin: 16.3509864804px 43.812363633px 0px;
  height: 74.06666667px;
}

.canvas-iwd1 {
  width: 32.98590235670001px;
  font-size: 16px;
  height: 190px;
  -webkit-transform-origin: 16.5px 95px 0px;
  -moz-transform-origin: 16.5px 95px 0px;
  transform-origin: 16.5px 95px 0px;
}

.group-k1cv {
  width: 18.796875px;
}

.canvas-z4ti {
  -webkit-transform-origin: 9.9131063284px 3.1984654844px -0.4402597699px;
  -moz-transform-origin: 9.9131063284px 3.1984654844px -0.4402597699px;
  transform-origin: 9.9131063284px 3.1984654844px -0.4402597699px;
  font-size: 16px;
  -webkit-transform-style: preserve-3d;
  -moz-transform-style: preserve-3d;
  transform-style: preserve-3d;
  top: 251.7102095335px;
  left: 909.2737734758px;
  width: 23.744934650999998px;
  height: 70.5999247163px;
  -webkit-transform: matrix3d(0.9903531745, -0.1376309953, -0.0160716697, 0, -0.1373928962, -0.9904017147, 0.0150875949, 0, -0.0179939299, -0.0127339143, -0.9997570034, 0, -672.5807293123, 242.0027417261, 0.4402597699, 1);
  -moz-transform: matrix3d(0.9903531745, -0.1376309953, -0.0160716697, 0, -0.1373928962, -0.9904017147, 0.0150875949, 0, -0.0179939299, -0.0127339143, -0.9997570034, 0, -672.5807293123, 242.0027417261, 0.4402597699, 1);
  transform: matrix3d(0.9903531745, -0.1376309953, -0.0160716697, 0, -0.1373928962, -0.9904017147, 0.0150875949, 0, -0.0179939299, -0.0127339143, -0.9997570034, 0, -672.5807293123, 242.0027417261, 0.4402597699, 1);
}

.petals:hover {
  opacity: 0.4;
}

.new-class-l5vb {
  width: 261.859375px;
}

.canvas-8j16 {
  -webkit-transform-origin: 33.629831446px 8.1777779304px 0px;
  -moz-transform-origin: 33.629831446px 8.1777779304px 0px;
  transform-origin: 33.629831446px 8.1777779304px 0px;
  -webkit-transform-style: preserve-3d;
  -moz-transform-style: preserve-3d;
  transform-style: preserve-3d;
  opacity: 0.7;
  font-size: 16px;
  top: 649.2181922756px;
  left: 78.06708154440003px;
  width: 133.6873598873px;
  height: 16.8445313399px;
  -webkit-transform: matrix3d(0.9997248444, -0.0234571021, 0, 0, 0.0234571021, 0.9997248444, 0, 0, 0, 0, 1, 0, 28.3727279575, 2.8141407244, 0, 1);
  -moz-transform: matrix3d(0.9997248444, -0.0234571021, 0, 0, 0.0234571021, 0.9997248444, 0, 0, 0, 0, 1, 0, 28.3727279575, 2.8141407244, 0, 1);
  transform: matrix3d(0.9997248444, -0.0234571021, 0, 0, 0.0234571021, 0.9997248444, 0, 0, 0, 0, 1, 0, 28.3727279575, 2.8141407244, 0, 1);
}

.canvas-5jrp {
  opacity: 0.7;
  -webkit-transform-origin: 119px 22px 0px;
  -moz-transform-origin: 119px 22px 0px;
  transform-origin: 119px 22px 0px;
  -webkit-transform-style: preserve-3d;
  -moz-transform-style: preserve-3d;
  transform-style: preserve-3d;
  font-size: 16px;
  top: 679.2181922756px;
  left: 329.0670815444px;
  width: 261.859375px;
  height: 37.2261154488px;
  -webkit-transform: matrix3d(1, 0, 0, 0, 0, 0.9353233296, -0.3537941054, 0, 0, 0.3537941054, 0.9353233296, 0, 29, -6, 0, 1);
  -moz-transform: matrix3d(1, 0, 0, 0, 0, 0.9353233296, -0.3537941054, 0, 0, 0.3537941054, 0.9353233296, 0, 29, -6, 0, 1);
  transform: matrix3d(1, 0, 0, 0, 0, 0.9353233296, -0.3537941054, 0, 0, 0.3537941054, 0.9353233296, 0, 29, -6, 0, 1);
}

.canvas-8j16:hover {
  -webkit-transform: matrix3d(1, 0, 0, 0, 0, 1, 0, 0, 0, 0, 1, 0, 29, -6, 0, 1);
  -moz-transform: matrix3d(1, 0, 0, 0, 0, 1, 0, 0, 0, 0, 1, 0, 29, -6, 0, 1);
  transform: matrix3d(1, 0, 0, 0, 0, 1, 0, 0, 0, 0, 1, 0, 29, -6, 0, 1);
}

.canvas-cwdw:hover {
  -webkit-transform: matrix3d(-0.9975875095, -0.0188746459, -0.0668050058, 0, 0.0406304558, -0.9390324282, -0.341419485, 0, -0.0562878949, -0.3433101316, 0.9375339069, 0, -220.5381922632, 11.4573982492, 1.5940031149, 1);
  -moz-transform: matrix3d(-0.9975875095, -0.0188746459, -0.0668050058, 0, 0.0406304558, -0.9390324282, -0.341419485, 0, -0.0562878949, -0.3433101316, 0.9375339069, 0, -220.5381922632, 11.4573982492, 1.5940031149, 1);
  transform: matrix3d(-0.9975875095, -0.0188746459, -0.0668050058, 0, 0.0406304558, -0.9390324282, -0.341419485, 0, -0.0562878949, -0.3433101316, 0.9375339069, 0, -220.5381922632, 11.4573982492, 1.5940031149, 1);
}

.canvas-5jrp:hover {
  -webkit-transform: matrix3d(1, 0, 0, 0, 0, 0.9724495424, 0.2331134646, 0, 0, -0.2331134646, 0.9724495424, 0, 29, -6, 0, 1);
  -moz-transform: matrix3d(1, 0, 0, 0, 0, 0.9724495424, 0.2331134646, 0, 0, -0.2331134646, 0.9724495424, 0, 29, -6, 0, 1);
  transform: matrix3d(1, 0, 0, 0, 0, 0.9724495424, 0.2331134646, 0, 0, -0.2331134646, 0.9724495424, 0, 29, -6, 0, 1);
}

.canvas-2w6b {
  font-size: 16px;
  -webkit-transform-style: preserve-3d;
  -moz-transform-style: preserve-3d;
  transform-style: preserve-3d;
  top: 617px;
  left: 72px;
  width: 84px;
  height: 40px;
  -webkit-transform: matrix3d(0.9865924341, 0.0085701624, 0.1629782847, 0, 0.041954744, 0.9517410771, -0.304020923, 0, -0.157718637, 0.3067824546, 0.9386209868, 0, 6.6513113163, 72.6684935187, -4.619382572, 1);
  -moz-transform: matrix3d(0.9865924341, 0.0085701624, 0.1629782847, 0, 0.041954744, 0.9517410771, -0.304020923, 0, -0.157718637, 0.3067824546, 0.9386209868, 0, 6.6513113163, 72.6684935187, -4.619382572, 1);
  transform: matrix3d(0.9865924341, 0.0085701624, 0.1629782847, 0, 0.041954744, 0.9517410771, -0.304020923, 0, -0.157718637, 0.3067824546, 0.9386209868, 0, 6.6513113163, 72.6684935187, -4.619382572, 1);
}

.canvas-ssm4 {
  font-size: 16px;
  -webkit-transform-style: preserve-3d;
  -moz-transform-style: preserve-3d;
  transform-style: preserve-3d;
  top: 607px;
  left: 53px;
  width: 60px;
  height: 31px;
  -webkit-transform: matrix3d(0.9865924341, 0.0085701624, 0.1629782847, 0, 0.0082218677, 0.9947422706, -0.1020794594, 0, -0.1629962266, 0.1020508082, 0.9813347352, 0, 6.6659385378, 72.6690352659, 4.4604403875, 1);
  -moz-transform: matrix3d(0.9865924341, 0.0085701624, 0.1629782847, 0, 0.0082218677, 0.9947422706, -0.1020794594, 0, -0.1629962266, 0.1020508082, 0.9813347352, 0, 6.6659385378, 72.6690352659, 4.4604403875, 1);
  transform: matrix3d(0.9865924341, 0.0085701624, 0.1629782847, 0, 0.0082218677, 0.9947422706, -0.1020794594, 0, -0.1629962266, 0.1020508082, 0.9813347352, 0, 6.6659385378, 72.6690352659, 4.4604403875, 1);
}

.canvas-bxz2:hover {
  opacity: 0.7;
}

.sun:hover {
  opacity: 0.4;
}

.div-emhk {
  position: absolute;
  font-family: 'Times New Roman';
  text-align: left;
  color: rgb(0, 0, 0);
  font-size: 16px;
  top: 139px;
  left: 185px;
  width: 75px;
  height: 39px;
}

.div-oyk4 {
  text-align: center;
  -webkit-transform: matrix3d(1, 0, 0, 0, 0, 1, 0, 0, 0, 0, 1, 0, 0, 0, 0, 1);
  -moz-transform: matrix3d(1, 0, 0, 0, 0, 1, 0, 0, 0, 0, 1, 0, 0, 0, 0, 1);
  transform: matrix3d(1, 0, 0, 0, 0, 1, 0, 0, 0, 0, 1, 0, 0, 0, 0, 1);
  -webkit-transform-style: preserve-3d;
  -moz-transform-style: preserve-3d;
  transform-style: preserve-3d;
}

.span-51k1 {
  background-color: transparent;
  font-size: 13px;
  color: rgb(0, 102, 255);
}

.div-tdwu {
  text-align: center;
}

.span-61cd {
  color: rgb(0, 102, 255);
  font-size: 14px;
}

.canvas-0sg8 {
  font-size: 16px;
  top: 607.4873860670997px;
  left: 331.4675502666997px;
  width: 28.94051073949999px;
  height: 52.2328261871px;
  -webkit-transform: matrix3d(0.9998647237, -0.0164479239, 0, 0, 0.0164479239, 0.9998647237, 0, 0, 0, 0, 1, 0, -0.8202317798, 0.2699305966, 0, 1);
  -moz-transform: matrix3d(0.9998647237, -0.0164479239, 0, 0, 0.0164479239, 0.9998647237, 0, 0, 0, 0, 1, 0, -0.8202317798, 0.2699305966, 0, 1);
  transform: matrix3d(0.9998647237, -0.0164479239, 0, 0, 0.0164479239, 0.9998647237, 0, 0, 0, 0, 1, 0, -0.8202317798, 0.2699305966, 0, 1);
}

.canvas-0acz {
  font-size: 16px;
  -webkit-transform-style: preserve-3d;
  -moz-transform-style: preserve-3d;
  transform-style: preserve-3d;
  top: 617px;
  left: 612px;
  width: 84px;
  height: 40px;
  -webkit-transform: matrix3d(0.9865924341, 0.0085701624, 0.1629782847, 0, 0.041954744, 0.9517410771, -0.304020923, 0, -0.157718637, 0.3067824546, 0.9386209868, 0, 6.6513113163, 72.6684935187, -4.619382572, 1);
